0 40
1 70
2 80
3 35
4 16
5 2
6 25
7 35
8 49
9 11
10 44
11 26
12 23
13 5
14 20
15 23
16 33
17 2
18 40
19 12
20 35
21 5
22 52
23 38
24 17
25 14
26 6
27 44
28 34
29 3
30 0
31 40
32 1
33 61
34 35
35 14
36 39
37 36
38 0
39 15
40 5
41 0
42 48
43 49
44 24
45 2
46 1
47 14
48 62
49 25
50 2
51 35
52 66
53 32
54 43
55 6
56 32
57 2
58 2
59 57
60 14
61 9
62 17
63 32
64 11
65 2
66 39
67 40
68 7
69 14
70 38
71 86
72 3
73 29
74 0
75 32
76 0
77 0
78 14
79 50
80 35
81 23
82 0
83 16
84 47
85 12
86 5
87 22
88 2
89 19
90 12
91 38
92 1
93 27
94 20
95 3
96 51
97 6
98 69
99 0
100 8
101 38
102 43
103 36
104 5
105 12
106 18
107 9
108 19
109 13
110 17
111 39
112 10
113 5
114 13
115 46
116 16
117 14
118 52
119 25
120 15
121 3
122 34
123 4
124 1
125 29
126 9
127 3
128 8
129 56
130 22
131 14
132 2
133 37
134 23
135 32
136 36
137 5
138 6
139 29
140 8
141 4
142 32
143 30
144 57
145 51
146 74
147 42
148 34
149 16
150 19
151 32
152 33
153 0
154 39
155 3
156 14
157 6
158 41
159 31
160 35
161 75
162 19
163 29
164 6
165 20
166 60
167 67
168 11
169 13
170 14
171 27
172 1
173 50
174 4
175 3
176 3
177 11
178 4
179 0
180 16
181 35
182 15
183 31
184 3
185 12
186 26
187 7
188 45
189 56
190 31
191 10
192 3
193 5
194 14
