0 35
1 26
2 23
3 18
4 4
5 12
6 6
7 22
8 15
9 24
10 34
11 29
12 22
13 16
14 2
15 25
16 20
17 23
18 25
19 34
20 23
21 2
22 2
23 23
24 18
25 3
26 11
27 19
28 10
29 19
30 72
31 45
32 6
33 21
34 0
35 0
36 23
37 5
38 0
39 4
40 17
41 29
42 4
43 29
44 13
45 38
46 27
47 30
48 1
49 42
50 43
51 26
52 1
53 35
54 0
55 3
56 7
57 52
58 20
59 42
60 3
61 27
62 2
63 1
64 23
65 29
66 42
67 11
68 8
69 11
70 14
71 0
72 1
73 10
74 32
75 10
76 32
77 12
78 3
79 22
80 21
81 6
82 11
83 8
84 18
85 5
86 18
87 8
88 8
89 19
90 20
91 0
92 15
93 72
94 24
95 20
96 2
97 21
98 35
99 2
100 22
101 23
102 57
103 4
104 33
105 9
106 16
107 0
108 34
109 10
110 33
111 5
112 2
113 15
114 11
115 23
116 51
117 0
118 37
119 15
120 46
121 40
122 4
123 3
124 4
125 31
126 36
127 1
128 0
129 21
130 3
131 0
132 1
133 22
134 25
135 23
136 14
137 31
138 6
139 26
140 0
141 26
142 16
143 16
144 8
145 5
146 25
147 26
148 8
149 35
150 44
151 11
152 33
153 53
154 26
155 33
156 13
157 40
158 14
159 0
160 3
161 31
162 17
163 5
164 25
165 4
166 24
167 16
168 44
169 55
170 0
171 5
172 48
173 6
174 29
175 16
176 9
177 50
178 13
179 13
180 27
181 8
182 5
183 0
184 9
185 1
186 33
187 8
188 61
189 9
190 3
191 21
192 2
193 10
194 4
195 2
196 3
197 21
198 7
199 8
200 29
201 0
202 16
203 16
204 11
205 13
206 4
207 6
208 17
209 42
210 3
211 8
212 0
213 46
214 9
215 13
216 20
217 23
218 2
219 24
220 30
221 36
222 11
223 3
224 34
225 36
226 28
227 35
228 3
229 12
230 1
231 32
232 2
233 43
234 5
235 1
236 57
237 14
238 11
239 36
240 10
241 25
242 1
243 18
244 17
245 2
246 23
247 6
248 36
249 42
