1 82.31086756745785
2 104.23079524799252
3 118.04557170253203
4 65.75612220926043
5 24.54600917883181
6 52.191254656275696
7 22.247452508083903
8 103.3423184645956
9 41.52409696669178
10 86.57104357962648
11 99.44676943227647
12 65.13753163193643
13 108.7407463010913
14 85.57793132235668
15 45.798825399098625
16 36.69677459501784
17 7.402054465837693
18 9.447020006915185
19 9.09694576048112
20 30.85041538300759
21 64.73115037408108
22 18.167112130487023
23 20.26195145376038
24 8.619514270785722
25 8.965574373552888
26 53.3109154032997
27 9.252803702391429
28 18.636633130742897
29 27.632977130438714
30 26.512554930824027
31 22.53735985059843
32 20.332279195293594
33 48.85285008013066
34 10.306777254372646
59 0.0
60 2.4259958694064796
117 27.752814822359618
118 55.108882406001
119 18.61105999735365
120 17.42019701748717
121 40.524939923832584
122 29.588081803000588
123 42.82671438987798
124 20.961327660231735
125 17.82635438744076
126 25.30458275738752
127 4.142286297410828
128 9.378549983098406
129 4.852485408322835
130 13.138963216268428
131 35.39394330424802
132 47.90954406985536
133 62.019979871854076
134 27.580077547304455
135 119.27731508396177
136 53.31664913007857
137 8.36448957665032
138 32.92389628483239
139 11.04558131740188
140 13.097047383830647
141 16.174703889677524
142 13.188439206046294
143 28.647861038801757
144 17.52563796505592
145 16.075516024416494
175 33.236482621980215
176 19.44262739121087
177 5.641377588697322
178 23.783899689501595
179 13.966121456915396
180 15.84129917661657
181 18.73416683106569
182 5.112333364059925
183 30.831130860954843
184 17.07111534054653
185 59.33495942127137
186 21.177564899556284
187 66.64964444657572
188 0.0
189 44.79465479892387
190 27.41145153701379
191 23.523438597666477
192 34.61133227073236
193 22.361871500684007
194 1.1514255806985576
195 33.62701329539298
196 63.81131403212761
197 41.700803532006915
198 32.482103677054916
199 39.490986849111025
200 56.62285590218187
201 69.2458072966062
202 13.549280336373728
203 15.604043385916432
262 3.597731642112267
263 0.0
264 18.051670910822548
265 20.56624434236695
266 5.413473824816334
267 43.76998294381319
268 24.27330394345605
269 33.72608348173825
270 0.0
271 31.113251528030876
272 0.0
273 13.742995799925286
274 54.19654218218921
275 22.612331647141698
276 19.728392412978682
277 51.27157186288414
278 15.236750915899734
279 8.58963415190426
280 12.51536390282824
281 0.0
282 0.0
283 5.357666105069477
284 44.88878642673723
285 8.9416877696947
286 31.00566305367839
287 43.283397089732766
288 0.0
289 5.285842789039398
290 0.0
349 3.224720106983362
378 0.0
379 8.968070202727173
380 3.859342620564723
381 6.25959343026452
382 28.032827857236537
383 8.700579670439375
384 0.0
385 0.0
386 0.0
387 17.695939694169535
388 9.18140120843266
389 8.317223266391608
390 0.0
391 11.641766035511292
392 27.744471779509713
393 0.0
394 0.0
395 13.837159343542448
396 0.0
397 0.0
398 0.0
399 0.0
400 2.358850652387927
401 16.843846198259634
402 17.720403571032033
403 26.144842801090064
404 0.0
405 8.296322694995878
406 0.0
407 46.100963320321654
408 10.327288535943941
409 21.478073971055647
410 12.419299736698818
411 24.44113824594896
412 35.94467848061213
413 84.98367885243873
414 47.64824379217195
415 10.005255328213334
416 1.3845714269535057
417 10.075188911533889
418 31.078687284716423
419 21.55042020846753
420 19.726264695383673
421 20.22133545755392
422 18.894385236243323
423 61.01982921537533
424 7.839936409923208
425 19.090720958747234
426 4.83019568729033
427 35.74857336002057
428 25.96721297684554
429 8.673042607408622
430 25.347304450094704
431 18.658701805962167
432 5.613873537942935
433 51.681771058818676
434 32.414207962550556
435 24.885457781497067
436 6.1307516839497325
437 26.289638163485048
438 16.20055776977097
439 12.422667869602275
440 37.16824458932487
441 9.848671047958423
442 15.217955055314942
443 8.638144536518798
444 31.92102084572067
445 23.09457075969248
446 6.525849737182828
447 49.491705950075804
448 15.374232494031622
449 9.569224410324358
450 4.197346049633905
451 10.093663353887468
452 16.065907907048807
453 4.395570453491958
454 51.9918164821761
455 16.710005495353993
456 68.80004010230779
457 8.56747045833358
458 45.583543064142255
459 0.0
460 4.05213121091525
461 22.693923751142812
462 9.675668471015063
463 5.612761557122376
464 10.490500501654992
494 5.895169155871137
668 0.0
669 53.38718959567643
670 16.453012274192577
671 0.0
672 22.909278630698342
673 36.239414740286854
674 13.49082827069004
675 10.716752340203302
676 15.72813008445824
677 25.11888065185894
678 65.29790530191949
679 0.0
680 0.0
681 21.846352713844787
682 11.398389655806278
683 17.241113254215495
684 0.0
685 35.07475056316727
686 23.620654620938556
687 50.86781064625438
688 0.0
689 10.344478880531646
690 0.0
691 22.71285500628826
692 0.0
693 0.0
694 9.44910766653794
695 40.37943913021857
696 5.348035910948525
726 14.861396641094391
727 31.81961654407622
728 1.197285377559575
729 32.773927851084466
730 10.571378660124633
731 9.901546561709871
732 13.770776333810655
733 1.2094746562983467
734 15.639732672577889
735 39.02800541567989
736 1.5007498133408972
737 2.362010087943721
738 3.5507692459872198
739 12.161053396030013
740 2.306925513126109
741 10.286789643308985
742 26.760948340855773
743 3.2579666054788703
744 35.84421636474351
745 11.955379829470164
746 0.541711515212982
747 14.068779578704433
748 35.28483709275375
749 16.27584827723364
750 0.9396545048286271
751 1.4202935835514916
752 15.302560930183368
753 12.231284552592747
754 1.7426191973721556
755 3.652106104977471
756 12.012561682144852
757 0.0
784 10.907961508346114
785 23.745548258639396
786 8.256948102669934
787 3.561954090600774
788 29.318968899579293
789 2.103145799344788
790 14.86079228986977
791 6.558163106509846
792 12.327658691402155
793 35.79185783797667
794 55.371725930525486
795 6.152558077139706
796 6.898383716889435
797 0.0
798 4.50771058269034
799 8.539028440239498
800 17.28093259022997
801 1.4153104558042575
802 42.243604057483246
803 20.46357945182698
804 11.047204170323633
805 29.09300914480154
806 16.29912638623832
807 42.681347807650475
808 5.686232501708365
809 13.531686731358498
810 52.72655591019341
811 5.337433991445598
812 34.57352041753659
813 27.327395041286568
814 9.349944568831557
815 36.714303826781446
816 19.578598427512183
817 4.876954873906726
818 31.74080750976012
819 6.682506737341869
820 12.056333746439908
821 18.524847422125394
822 32.99821722537053
823 10.800941289746909
824 4.244913445222761
825 15.291186860431596
826 25.774183172796416
827 0.81875105157542
828 3.806247494436507
829 21.09252988626587
830 23.032599624805282
831 21.096686512746142
832 3.648833549392016
833 31.099584023857037
834 16.71932853833575
835 0.0
836 28.121282156474926
837 25.797203376492703
838 16.862007839787818
839 0.0
840 21.35312805448501
841 17.857248251440158
842 13.512849633852207
843 3.460064614471742
844 0.9782977835419371
845 35.3845357855277
846 22.514197952759872
847 28.018825075967488
848 10.062269181872399
849 0.6279324037139628
850 19.35410019111273
851 10.410872089130937
852 5.453718660281047
853 7.690779231795695
854 31.96966822180433
855 14.32449961719976
856 19.460854898592803
857 19.25350746838544
858 26.9103245788661
859 25.640087333975895
860 4.509020189402985
861 45.41875215888755
862 33.269270652456996
863 17.361749018621357
864 31.786212459877554
865 22.621048932060617
866 16.907154390283548
867 21.501978171104472
868 16.275951721675614
869 1.5983090242989986
870 5.026345004553415
871 15.080424621876633
872 3.5621133439930097
873 24.306709281126224
874 8.307953691402652
875 16.722925996053306
876 30.573455270098464
877 42.179643030864916
878 30.158259404811318
879 0.3800497761644757
880 3.8658175388775007
881 8.085145204657906
882 16.04851692844218
883 4.463035772123114
884 41.80778193448868
885 50.04829655008963
886 11.431685637183604
887 3.9821643079202467
888 1.2954872332558978
889 22.159278204507256
890 20.588207427676608
891 4.269795163554278
892 16.391328137236755
893 2.060490337368542
894 44.35658163078839
895 40.39009548439245
896 33.71948568448266
897 21.33504507034675
898 18.237494940328183
899 3.9037224856669073
958 0.0
959 13.199722621947538
960 29.57452334658304
961 18.993140932602824
962 0.0
963 7.171282308631434
964 9.118090336338565
965 26.01725882598376
966 2.4546421779417313
967 7.951898212628075
968 1.1322426096684013
969 3.3982987929869957
970 0.0
971 2.1110004784383216
972 26.336395894053346
973 26.78872712775781
974 6.5183217776328695
975 20.822624371742965
976 45.754148148915554
977 6.346289073538791
978 8.15500566777745
979 11.495467366898875
980 0.3244310335848736
981 11.747306817641977
982 15.462944952725897
983 3.3431026406305855
984 3.125082143257843
985 1.7847719961210795
986 4.666942477890253
991 6.511474701196011
993 9.944447166264332
996 9.398976950506347
1000 5.594330812364503
1 82.31086756745785
2 104.23079524799252
3 118.04557170253203
4 65.75612220926043
5 24.54600917883181
6 52.191254656275696
7 22.247452508083903
8 103.3423184645956
9 41.52409696669178
10 86.57104357962648
11 99.44676943227647
12 65.13753163193643
13 108.7407463010913
14 85.57793132235668
15 45.798825399098625
16 36.69677459501784
17 7.402054465837693
18 9.447020006915185
19 9.09694576048112
20 30.85041538300759
21 64.73115037408108
22 18.167112130487023
23 20.26195145376038
24 8.619514270785722
25 8.965574373552888
26 53.3109154032997
27 9.252803702391429
28 18.636633130742897
29 27.632977130438714
30 26.512554930824027
31 22.53735985059843
32 20.332279195293594
33 48.85285008013066
34 10.306777254372646
59 0.0
60 2.4259958694064796
117 27.752814822359618
118 55.108882406001
119 18.61105999735365
120 17.42019701748717
121 40.524939923832584
122 29.588081803000588
123 42.82671438987798
124 20.961327660231735
125 17.82635438744076
126 25.30458275738752
127 4.142286297410828
128 9.378549983098406
129 4.852485408322835
130 13.138963216268428
131 35.39394330424802
132 47.90954406985536
133 62.019979871854076
134 27.580077547304455
135 119.27731508396177
136 53.31664913007857
137 8.36448957665032
138 32.92389628483239
139 11.04558131740188
140 13.097047383830647
141 16.174703889677524
142 13.188439206046294
143 28.647861038801757
144 17.52563796505592
145 16.075516024416494
175 33.236482621980215
176 19.44262739121087
177 5.641377588697322
178 23.783899689501595
179 13.966121456915396
180 15.84129917661657
181 18.73416683106569
182 5.112333364059925
183 30.831130860954843
184 17.07111534054653
185 59.33495942127137
186 21.177564899556284
187 66.64964444657572
188 0.0
189 44.79465479892387
190 27.41145153701379
191 23.523438597666477
192 34.61133227073236
193 22.361871500684007
194 1.1514255806985576
195 33.62701329539298
196 63.81131403212761
197 41.700803532006915
198 32.482103677054916
199 39.490986849111025
200 56.62285590218187
201 69.2458072966062
202 13.549280336373728
203 15.604043385916432
262 3.597731642112267
263 0.0
264 18.051670910822548
265 20.56624434236695
266 5.413473824816334
267 43.76998294381319
268 24.27330394345605
269 33.72608348173825
270 0.0
271 31.113251528030876
272 0.0
273 13.742995799925286
274 54.19654218218921
275 22.612331647141698
276 19.728392412978682
277 51.27157186288414
278 15.236750915899734
279 8.58963415190426
280 12.51536390282824
281 0.0
282 0.0
283 5.357666105069477
284 44.88878642673723
285 8.9416877696947
286 31.00566305367839
287 43.283397089732766
288 0.0
289 5.285842789039398
290 0.0
349 3.224720106983362
378 0.0
379 8.968070202727173
380 3.859342620564723
381 6.25959343026452
382 28.032827857236537
383 8.700579670439375
384 0.0
385 0.0
386 0.0
387 17.695939694169535
388 9.18140120843266
389 8.317223266391608
390 0.0
391 11.641766035511292
392 27.744471779509713
393 0.0
394 0.0
395 13.837159343542448
396 0.0
397 0.0
398 0.0
399 0.0
400 2.358850652387927
401 16.843846198259634
402 17.720403571032033
403 26.144842801090064
404 0.0
405 8.296322694995878
406 0.0
407 46.100963320321654
408 10.327288535943941
409 21.478073971055647
410 12.419299736698818
411 24.44113824594896
412 35.94467848061213
413 84.98367885243873
414 47.64824379217195
415 10.005255328213334
416 1.3845714269535057
417 10.075188911533889
418 31.078687284716423
419 21.55042020846753
420 19.726264695383673
421 20.22133545755392
422 18.894385236243323
423 61.01982921537533
424 7.839936409923208
425 19.090720958747234
426 4.83019568729033
427 35.74857336002057
428 25.96721297684554
429 8.673042607408622
430 25.347304450094704
431 18.658701805962167
432 5.613873537942935
433 51.681771058818676
434 32.414207962550556
435 24.885457781497067
436 6.1307516839497325
437 26.289638163485048
438 16.20055776977097
439 12.422667869602275
440 37.16824458932487
441 9.848671047958423
442 15.217955055314942
443 8.638144536518798
444 31.92102084572067
445 23.09457075969248
446 6.525849737182828
447 49.491705950075804
448 15.374232494031622
449 9.569224410324358
450 4.197346049633905
451 10.093663353887468
452 16.065907907048807
453 4.395570453491958
454 51.9918164821761
455 16.710005495353993
456 68.80004010230779
457 8.56747045833358
458 45.583543064142255
459 0.0
460 4.05213121091525
461 22.693923751142812
462 9.675668471015063
463 5.612761557122376
464 10.490500501654992
494 5.895169155871137
668 0.0
669 53.38718959567643
670 16.453012274192577
671 0.0
672 22.909278630698342
673 36.239414740286854
674 13.49082827069004
675 10.716752340203302
676 15.72813008445824
677 25.11888065185894
678 65.29790530191949
679 0.0
680 0.0
681 21.846352713844787
682 11.398389655806278
683 17.241113254215495
684 0.0
685 35.07475056316727
686 23.620654620938556
687 50.86781064625438
688 0.0
689 10.344478880531646
690 0.0
691 22.71285500628826
692 0.0
693 0.0
694 9.44910766653794
695 40.37943913021857
696 5.348035910948525
726 14.861396641094391
727 31.81961654407622
728 1.197285377559575
729 32.773927851084466
730 10.571378660124633
731 9.901546561709871
732 13.770776333810655
733 1.2094746562983467
734 15.639732672577889
735 39.02800541567989
736 1.5007498133408972
737 2.362010087943721
738 3.5507692459872198
739 12.161053396030013
740 2.306925513126109
741 10.286789643308985
742 26.760948340855773
743 3.2579666054788703
744 35.84421636474351
745 11.955379829470164
746 0.541711515212982
747 14.068779578704433
748 35.28483709275375
749 16.27584827723364
750 0.9396545048286271
751 1.4202935835514916
752 15.302560930183368
753 12.231284552592747
754 1.7426191973721556
755 3.652106104977471
756 12.012561682144852
757 0.0
784 10.907961508346114
785 23.745548258639396
786 8.256948102669934
787 3.561954090600774
788 29.318968899579293
789 2.103145799344788
790 14.86079228986977
791 6.558163106509846
792 12.327658691402155
793 35.79185783797667
794 55.371725930525486
795 6.152558077139706
796 6.898383716889435
797 0.0
798 4.50771058269034
799 8.539028440239498
800 17.28093259022997
801 1.4153104558042575
802 42.243604057483246
803 20.46357945182698
804 11.047204170323633
805 29.09300914480154
806 16.29912638623832
807 42.681347807650475
808 5.686232501708365
809 13.531686731358498
810 52.72655591019341
811 5.337433991445598
812 34.57352041753659
813 27.327395041286568
814 9.349944568831557
815 36.714303826781446
816 19.578598427512183
817 4.876954873906726
818 31.74080750976012
819 6.682506737341869
820 12.056333746439908
821 18.524847422125394
822 32.99821722537053
823 10.800941289746909
824 4.244913445222761
825 15.291186860431596
826 25.774183172796416
827 0.81875105157542
828 3.806247494436507
829 21.09252988626587
830 23.032599624805282
831 21.096686512746142
832 3.648833549392016
833 31.099584023857037
834 16.71932853833575
835 0.0
836 28.121282156474926
837 25.797203376492703
838 16.862007839787818
839 0.0
840 21.35312805448501
841 17.857248251440158
842 13.512849633852207
843 3.460064614471742
844 0.9782977835419371
845 35.3845357855277
846 22.514197952759872
847 28.018825075967488
848 10.062269181872399
849 0.6279324037139628
850 19.35410019111273
851 10.410872089130937
852 5.453718660281047
853 7.690779231795695
854 31.96966822180433
855 14.32449961719976
856 19.460854898592803
857 19.25350746838544
858 26.9103245788661
859 25.640087333975895
860 4.509020189402985
861 45.41875215888755
862 33.269270652456996
863 17.361749018621357
864 31.786212459877554
865 22.621048932060617
866 16.907154390283548
867 21.501978171104472
868 16.275951721675614
869 1.5983090242989986
870 5.026345004553415
871 15.080424621876633
872 3.5621133439930097
873 24.306709281126224
874 8.307953691402652
875 16.722925996053306
876 30.573455270098464
877 42.179643030864916
878 30.158259404811318
879 0.3800497761644757
880 3.8658175388775007
881 8.085145204657906
882 16.04851692844218
883 4.463035772123114
884 41.80778193448868
885 50.04829655008963
886 11.431685637183604
887 3.9821643079202467
888 1.2954872332558978
889 22.159278204507256
890 20.588207427676608
891 4.269795163554278
892 16.391328137236755
893 2.060490337368542
894 44.35658163078839
895 40.39009548439245
896 33.71948568448266
897 21.33504507034675
898 18.237494940328183
899 3.9037224856669073
958 0.0
959 13.199722621947538
960 29.57452334658304
961 18.993140932602824
962 0.0
963 7.171282308631434
964 9.118090336338565
965 26.01725882598376
966 2.4546421779417313
967 7.951898212628075
968 1.1322426096684013
969 3.3982987929869957
970 0.0
971 2.1110004784383216
972 26.336395894053346
973 26.78872712775781
974 6.5183217776328695
975 20.822624371742965
976 45.754148148915554
977 6.346289073538791
978 8.15500566777745
979 11.495467366898875
980 0.3244310335848736
981 11.747306817641977
982 15.462944952725897
983 3.3431026406305855
984 3.125082143257843
985 1.7847719961210795
986 4.666942477890253
991 6.511474701196011
993 9.944447166264332
996 9.398976950506347
1000 5.594330812364503
