37.785845479674336
-122.40245472642906
37.61635003847387
-122.38980665597948
37.76795769528038
-122.42409717727348
37.79848629742033
-122.43624479609257
37.77385992385258
-122.44937138595272
37.72404227649007
-122.43833710182119
37.75321349947534
-122.41820114533054
37.79945722064235
-122.4221981266728
37.78778226478149
-122.42101984768638
37.77515085736515
-122.4674746436722
37.77475648232548
-122.39657281791908
37.77603456962773
-122.41498160035454
37.77251023997891
-122.49223834651899
37.793284037746375
-122.39882772010971
37.7826483154409
-122.4362097804449
37.761567540236726
-122.43489598290331
37.80103114292747
-122.40960734328849
37.787928145390836
-122.41021340413317
37.73581665721232
-122.3996412439222
37.7345867721519
-122.47633473628692
-1