37.7937064117647
-122.3996699117647
37.61605110091743
-122.39067880733946
37.762669767441864
-122.43338174418605
37.7833724
-122.4363208
37.77128818181818
-122.40725854545454
37.80431359813084
-122.41399738317757
37.76818111111111
-122.46826574074075
37.78785799019608
-122.4089843872549
37.7546828125
-122.41764333333333
37.797540309278354
-122.42920793814433
37.76981731707317
-122.45042951219513
37.78642355555556
-122.40176697916667
37.785984680851065
-122.41944329787233
37.75497333333333
-122.39268166666666
37.789096470588234
-122.44854
37.77698988095238
-122.39457630952381
37.73634
-122.4836625
37.77129882352941
-122.42294686274509
37.77860857142857
-122.49862857142857
37.733132499999996
-122.42310062499999
-1