37.61635003847387
-122.38980665597948
37.7864064215397
-122.40926788555079
37.76550619595028
-122.4329503143254
37.79076891642442
-122.4214413230378
37.77373855706874
-122.454430570147
37.77480719257324
-122.39742247714126
37.78417125877093
-122.43696464029694
37.7315777948403
-122.47276621314496
37.79153086665682
-122.39992452392204
37.77371716226287
-122.4190990850271
37.77360203415736
-122.4834848013025
37.72652409015224
-122.42446524916745
37.80212178465779
-122.41243193794541
37.79899977086071
-122.43463451133377
37.75458544350141
-122.41795491970377
-1