37.764247220046414
-122.42104916231506
37.61636509007122
-122.38817184331798
37.78628932422859
-122.40201871182305
37.77010887183129
-122.44877797312063
37.79630187827427
-122.42288582742681
37.78078122584541
-122.4808738768116
37.719170368589744
-122.44854004807692
37.79243353105906
-122.43234555498982
37.75499295319149
-122.41914088085106
37.79059593641061
-122.40903245144422
37.76286931345826
-122.43403266865417
37.77324617911286
-122.40717840819764
37.78739967885607
-122.42236394280356
37.80546402932331
-122.41543706015038
37.78869188037866
-122.3928269205393
37.76098013140162
-122.47966548180592
37.77505983698183
-122.43799867722403
37.73413499084249
-122.40031933150183
37.7801815426009
-122.4641758206278
37.79356147668394
-122.40225089127529
37.77805459633028
-122.39555781192661
37.77484515197879
-122.42139046817626
37.78676863276492
-122.41518250304507
37.76109940962099
-122.39379021137026
37.78492810896853
-122.40867525832272
37.78660428337874
-122.44116103269755
37.717928270042194
-122.47467709915612
37.79961348070175
-122.43903976842105
37.76447347584856
-122.46400852806788
37.579024583333336
-122.34142083333333
37.71125084070796
-122.40011172566372
37.77086756257694
-122.42881683832582
37.79926822643161
-122.40797061327832
37.793621638259985
-122.39701478059018
37.819539285714285
-122.3475375
37.78397600856595
-122.43177813063261
37.77221417173252
-122.50185026595744
37.80056060502283
-122.42907919406393
37.77857549129594
-122.41514673500967
37.74553169735788
-122.41962678142514
37.72778485788863
-122.43180082801624
37.78382341658813
-122.45226021677662
37.7457570505618
-122.49747595505617
37.792896451073986
-122.41671399940334
37.8564125
-122.49019875
37.759278096774196
-122.4069400529954
37.751717835383296
-122.43470196939359
37.646380212765955
-122.41037914893617
37.74262820967742
-122.47152208064516
37.61557874622356
-122.39610229607251
-1