37.78488089566411
-122.43249887729392
37.61591134187458
-122.38910687120702
37.788639538946164
-122.40309188717067
37.756781004070554
-122.41918956580733
37.782036402266286
-122.46321682719547
37.7140262
-122.4681807
37.79895605842912
-122.41937952586207
37.764236749024704
-122.43005970091028
37.80034985163205
-122.43687338278932
37.77818283464567
-122.48562023622047
37.78837318275154
-122.41682288501026
37.787010188053095
-122.39783710176991
37.77313557494867
-122.40015550308009
37.75411910046729
-122.47632863317757
37.770756438356166
-122.44959648401826
37.77763777310924
-122.41234142857142
37.79833112745098
-122.40119914565827
37.731497118644064
-122.4153106779661
37.76478902383655
-122.42049292281499
37.786786775362316
-122.4510376268116
37.79494816976128
-122.42634334217506
37.71880380733945
-122.43582683486238
37.79062888794278
-122.40803053814714
37.807539461343474
-122.41058542458809
37.771638168421056
-122.41887227368422
37.75096199376947
-122.43260059190031
37.751030703125
-122.4033426171875
37.80044113362541
-122.41003383351588
37.77436028776978
-122.42949667625899
37.76131590163934
-122.49552639344262
37.82283916666667
-122.32131083333333
37.78668588652482
-122.42347340425532
37.804242
-122.47328428571429
37.76149638910506
-122.43552439883268
37.77831
-122.43863979138627
37.76594957641196
-122.46719764950166
37.786376887573965
-122.40572938461538
37.780952082777034
-122.39382662216289
37.63342
-122.43652571428572
37.76969506622517
-122.40812662251656
37.73695764423077
-122.42545557692307
37.556177142857145
-122.32290285714285
37.790461787538305
-122.39492433861082
37.785587854291414
-122.43995455089821
37.74776729166667
-122.41893936495984
37.750899411764706
-122.48986529411765
37.65678
-122.40365272727273
37.76471475862069
-122.39594703448276
37.791508270348835
-122.40492014534884
37.799772857142855
-122.42819888278389
37.77338758333333
-122.5069335
37.7816864255911
-122.42018372044507
37.79180660992218
-122.39868532506485
37.79015209985316
-122.43118011013216
37.805787661469935
-122.41783861915367
37.75025746153846
-122.3941725
37.76346918367347
-122.42479267492712
37.71998215909091
-122.4839428409091
37.73366387755102
-122.44696346938775
37.7865733908046
-122.41357430213465
37.75626976190476
-122.4071401031746
37.77854015151515
-122.47874419191919
37.78105562005277
-122.40444155672823
37.77297435344828
-122.43852645114943
37.61673008403361
-122.39790773109243
37.7199341
-122.3964629
37.79131494617225
-122.41332027511962
37.79462511269276
-122.40368335705813
37.729871175986844
-122.42917149259868
37.76493676470588
-122.45261604575164
37.760611066126856
-122.42077948717949
37.785168600594915
-122.40917289616009
37.7424395
-122.465091
37.7952570212766
-122.43517004909984
37.817064375
-122.3672075
37.783392375
-122.40223008455882
37.591413571428575
-122.362085
37.685838
-122.47161666666666
37.78116024054983
-122.45839632302406
37.79203715445269
-122.41032317254174
37.77464322358346
-122.42071622511486
37.80019976842105
-122.44369978947368
37.90979
-122.51347
37.77685263929619
-122.44610741935483
37.79502714995035
-122.42247050645481
37.76428839559387
-122.44578728927203
37.71821372
-122.44479324
37.786182625
-122.42814604166666
37.74915367346939
-122.50320540816327
37.803965284653465
-122.40322200495049
37.78234974903475
-122.44766011583012
37.767894255617975
-122.42264547752809
37.707710625
-122.3977175
37.79727148260869
-122.41101114347826
37.614515445783134
-122.39480110843374
37.735029705882354
-122.39061823529411
37.79726826146789
-122.40538529816514
37.743124233576644
-122.47780583941606
37.79219054520359
-122.40240167701863
37.84878714285714
-122.4868742857143
37.763520767045456
-122.47634727272727
37.77170611316113
-122.4453678905289
37.76849198973774
-122.42866811288484
37.79676091129032
-122.3966171016129
37.74813132478632
-122.44095884615385
37.748980009920636
-122.41157490079365
37.78637607142857
-122.3901088377724
37.78149231884058
-122.46850048309179
37.77860978092784
-122.40611578608248
37.78068287719298
-122.42607866666667
37.75663188762626
-122.42526380681818
37.79977971175166
-122.43267899113081
37.747302832618026
-122.4270092918455
37.75730144628099
-122.38985880165289
37.74196677989131
-122.42149630887681
37.77789384653465
-122.41622971287129
37.756073497340424
-122.41411582446808
37.769055973154366
-122.41533046979866
37.77778994096276
-122.39336230699364
37.80537233636363
-122.42123053636364
37.79125930769231
-122.44119170769231
37.77979308441559
-122.50351866883116
37.78985242677824
-122.42513066945607
37.719149077380955
-122.47496910714285
37.63342766666667
-122.40443366666666
37.779952443365694
-122.43236144012945
37.777776652360515
-122.45372667381974
37.73859133802817
-122.49669373239436
37.76084373015873
-122.46494417989418
37.79027888422819
-122.42149220637585
37.77301274509804
-122.41268220043573
37.80407673010381
-122.43257283737024
37.74718568965517
-122.45568827586207
37.78397611318408
-122.40505004975124
37.802093456790125
-122.4251582201646
37.77221827433628
-122.4247616687737
37.7822985282523
-122.40939773981603
37.77748925925926
-122.49460777777777
37.76756088435374
-122.38947901360544
37.763952600321026
-122.43380980738362
37.77384165745856
-122.46824237569061
37.739653203125
-122.40793825520834
37.79174284027778
-122.39218024305555
37.80093925799087
-122.41408071156773
37.793875811920806
-122.39694168913226
37.78575605607477
-122.42064005607476
37.78760317120623
-122.41090452010377
37.617168619153674
-122.38664942093541
37.798960277044856
-122.44029965699208
37.76518675362319
-122.40295939130435
37.76333900881057
-122.4167109030837
37.79568505460218
-122.43052998439937
37.80611311789773
-122.41401568181819
37.58344
-122.321446
37.79552214853301
-122.41813226008557
37.73080549342105
-122.47483246710526
37.76385696245734
-122.41024215017065
37.72689819852941
-122.43570724264706
37.785414011494254
-122.41687332183908
37.77334212797619
-122.43394589285714
37.798279800266315
-122.42391382157123
37.79412480616302
-122.40040946653413
37.78721740648379
-122.44566549875312
37.77594161881978
-122.39753924242424
37.78425205882353
-122.48387159663866
37.752137985074626
-122.42257156716418
37.786533392461195
-122.39999032520325
37.786324791347624
-122.40222049004593
37.755885464055794
-122.43468803111588
37.77917711267606
-122.40048982394366
37.77322242339833
-122.40465417827298
37.75237537974684
-122.4173736528029
37.71150225806451
-122.41551129032258
37.798050733082704
-122.40829317669173
37.72923130952381
-122.40373946428572
37.798842716049386
-122.45266518518518
37.71303873015873
-122.45538904761905
37.76493292792793
-122.45919743243243
37.76262715909091
-122.48547340909091
37.68674545454545
-122.39035909090909
37.76775766081872
-122.43543023391813
37.781520658436214
-122.41354530178326
37.77634924657534
-122.40915246575342
37.78812291316527
-122.43503547619048
37.72440181818182
-122.45829499999999
37.78586497777778
-122.45720613333333
37.783340089641435
-122.39697738047809
37.77531259493671
-122.46012848101266
37.79132882543104
-122.41763528017242
37.78750146885522
-122.4077963320707
37.77791782983508
-122.42190646551724
37.781556337448556
-122.47428403292182
37.76241913580247
-122.5053287654321
37.7569175984252
-122.44395031496063
37.770581539115646
-122.45326187074829
-1