37.78643792005565
-122.43726922410103
37.61622776595745
-122.3894010638298
37.78725232539683
-122.40481241666667
37.765084607843136
-122.42037843137255
37.75238636363636
-122.48100363636364
37.805084302884616
-122.41531278846153
37.76984825
-122.44917775
37.7895975877193
-122.41667719298246
37.78148122093023
-122.39426063953488
37.79462661907328
-122.3999637338362
37.75145466666667
-122.40047466666667
37.779053866666665
-122.41634013333334
37.79901205128205
-122.43214038461538
37.76950462765957
-122.40437824468086
37.699815
-122.44899000000001
37.74800914285714
-122.42256828571429
37.778027890625
-122.466444296875
37.66059
-122.39713499999999
37.768938936170215
-122.43318212765958
37.7746725
-122.49979
-1