37.78631488341969
-122.40599270725389
37.61538331501831
-122.39125358974358
37.76432976377953
-122.43360570866142
37.79646316216216
-122.43517716216216
37.774277261904764
-122.47568940476191
37.756038031358884
-122.40702840592334
37.722534765625
-122.4350209375
37.78317048140044
-122.41551849015318
37.78116523510972
-122.45892169278997
37.77686487204724
-122.3948492027559
37.79833056094183
-122.40123088642659
37.798712679127725
-122.42731236760125
37.75708358490566
-122.42201077568134
37.77625229607251
-122.43858413897281
37.73981669811321
-122.46515188679246
37.787153545751636
-122.42258142156862
37.77045496040724
-122.45217468325792
37.76944656126482
-122.42011442687748
37.79370229601518
-122.42173091081594
37.80758775103163
-122.41039342503439
37.79271829025845
-122.39254545228629
37.76190754098361
-122.49824918032787
37.71125545454545
-122.46871852272727
37.78795207171315
-122.4389523505976
37.79989166455696
-122.41579767088608
37.731408888888886
-122.40790968253968
37.76559015625
-122.46613832291666
37.749183507194246
-122.41745523381294
37.77455035714286
-122.4058825
37.76043698765432
-122.43494311111111
37.79412480616302
-122.40040946653413
37.79171100941423
-122.41135555439331
37.76200617886179
-122.39665471544716
37.78967238986784
-122.39706794052863
37.68674545454545
-122.39035909090909
37.82283916666667
-122.32131083333333
37.78012609037328
-122.43202667976425
37.77953466942149
-122.49091586776859
37.547650000000004
-122.32004
37.80387207920792
-122.44299683168317
37.79446034509203
-122.40836846625767
37.77447379598662
-122.41949347826088
37.75097994897959
-122.44357326530613
37.763905235772356
-122.4252655203252
37.741835954301074
-122.42369453853047
37.77375948621554
-122.43091557644111
37.78947108963093
-122.43070132688928
37.76351873920553
-122.41951859240069
37.73307545454546
-122.49249636363636
37.80578734249713
-122.41778544100802
37.78521313253012
-122.41070702081052
37.771756424682394
-122.44521258620689
37.80453264705882
-122.47327382352941
37.783239416107385
-122.4022393657718
37.639875625
-122.4059425
37.712817580645165
-122.4546893548387
37.7829773964497
-122.44234369822485
37.79172121350365
-122.40480708941605
37.777680921908896
-122.41872822125814
37.78885081871345
-122.41719369883042
37.76105449275362
-122.47013195652174
37.801756723842196
-122.41245010720412
37.74363092592593
-122.48283166666667
37.71940171052631
-122.39510065789474
37.77733827935223
-122.41038085020243
37.79939874027994
-122.44004713841369
37.78750740582192
-122.40339838755708
37.786770387931035
-122.45131368534483
37.766824657142855
-122.39637942857144
37.781450058365756
-122.39146342412451
37.76477620578778
-122.45371536977493
37.841077999999996
-122.480828
37.741624
-122.3888488
37.755549112903225
-122.42680736175116
37.76850701574803
-122.42914273228347
37.77804509174312
-122.4840943119266
37.61725116242038
-122.38620386942675
37.78053814126394
-122.46424412639405
37.741695597014925
-122.49808768656716
37.784371038983586
-122.4334947616793
37.79671931289641
-122.41969542283299
37.7477753618421
-122.43567986842105
37.75749701754386
-122.41349074561404
37.616932817679555
-122.39803712707182
37.80397408974359
-122.40309507692308
37.73237105263158
-122.4253219736842
37.78906802777778
-122.390935375
37.760401985294116
-122.44563488235293
37.76374785714286
-122.47630565714286
37.77205985185185
-122.41114190123457
37.780568412322275
-122.40776296208531
37.586765
-122.34576
37.8037864
-122.42490881666667
37.79356348404255
-122.39716951482914
37.79996032945736
-122.43378554263566
37.77107977116705
-122.44822032036613
37.75387416666667
-122.49014416666667
37.77271428571429
-122.43773078125
37.7981296031746
-122.40845242063492
37.77346776785714
-122.50737035714286
37.77302834024896
-122.4007350207469
37.78145440625
-122.39704236458333
37.78697966666667
-122.41025488333334
37.78482238095238
-122.47261416666666
37.79093099431818
-122.42282775568182
37.77866362745098
-122.42783877450981
37.75308404285714
-122.41787485714286
37.82359833333334
-122.375395
37.77674803596127
-122.41479767634854
37.75195094170404
-122.43208206278027
37.79485552706553
-122.4264141025641
37.75039990990991
-122.39514130630631
37.72347116666667
-122.46003766666666
37.776789566563465
-122.44618442724457
37.764443579766535
-122.40880649805447
37.77810356046065
-122.42264560460653
37.79170840844402
-122.39923350687856
37.63342
-122.43652571428572
37.79677808909922
-122.39665305972585
37.7858723480663
-122.41804834254144
37.79142050937821
-122.40822093268243
37.79616418604651
-122.42291137209303
37.75470493351064
-122.47693216755319
37.77986762987013
-122.50348230519481
37.719151236263734
-122.4744981868132
37.775897812971344
-122.3982623076923
37.78697414804469
-122.41300308659218
37.70747090909091
-122.39426136363636
37.68107818181818
-122.47084
37.77427935119048
-122.426232125
37.731851739130434
-122.43767753623189
37.710407777777775
-122.41998277777778
37.744554615384615
-122.45245846153846
37.78570418103448
-122.43116452586207
37.7695748941799
-122.4255080776014
37.80548267967146
-122.42071953798768
37.78788200657895
-122.44284845394736
37.79882513473054
-122.43093841317365
37.765174609929076
-122.39034723404255
37.78940305400372
-122.4257007821229
37.90979
-122.51347
37.797170281629114
-122.41097971837088
37.764977183908044
-122.41631896551723
37.75233460176991
-122.42216669616519
37.772022029411765
-122.467353
37.78423726495726
-122.4837605982906
37.795380869360905
-122.41695761983082
37.78849532627866
-122.43444805996472
37.77581577540107
-122.45397708556149
37.76628722598105
-122.42206420838971
37.778913360042736
-122.39330481837607
37.75301275330396
-122.41338546255507
37.796090647887326
-122.40446535211268
37.784410047127466
-122.4084132091562
37.779706274864374
-122.41563151898734
37.806294395380434
-122.41391418478261
37.7683037630662
-122.4354424738676
37.78539627358491
-122.42051570754717
37.79335434563758
-122.4345540771812
37.6576885
-122.403421
37.73331507352941
-122.39128764705882
37.79133149162862
-122.41484821917808
37.799667410979225
-122.42070865727003
37.716141830357145
-122.44094075892858
37.77908817836812
-122.43818730550285
37.73766104166667
-122.41653088541666
37.78449346153846
-122.43900502024292
37.80341739705882
-122.43144826470588
37.78354735418876
-122.4049617709438
37.78623103500432
-122.4021216940363
37.57748
-122.32342375
37.75623069105691
-122.389765
37.79193039403621
-122.40220845580404
37.78519189781022
-122.46295715328468
37.76123492063492
-122.42165461760462
37.614455873493974
-122.3960030120482
37.78016994871795
-122.46977728205128
37.78549417140152
-122.39934083333333
37.76508652173913
-122.40273341137124
37.793746788321165
-122.44080273722628
37.791394677419355
-122.41825538709678
37.74824282432432
-122.41107986486486
37.76068194214876
-122.4643794214876
37.813144
-122.362295
37.78178707894737
-122.44756031578947
37.73264794117647
-122.4493075
37.781803208092484
-122.41148030346821
37.765114010695186
-122.46019802139037
37.61624079045488
-122.38830575689784
37.76583561262376
-122.44714271039604
37.740280777027024
-122.40636597972973
37.79426152317881
-122.4306704415011
37.726487454545456
-122.40206990909091
37.748930851528385
-122.42674513100437
37.7439892
-122.4756233
37.74996047169811
-122.46140660377358
37.7988815
-122.4527255
37.778670656108595
-122.40401791855203
37.78177267123288
-122.45345842465753
37.78601368131868
-122.45698027472528
37.78892471608833
-122.40593925867508
37.59218833333333
-122.36480583333334
37.77032336283186
-122.4148795280236
37.78703084057971
-122.44678485507247
37.784623441295544
-122.4281024291498
37.761480859649126
-122.43858919298246
37.76310175824176
-122.48629406593406
37.775443174603176
-122.45983928571428
37.76128630434783
-122.43076070652174
37.78674175287356
-122.41568170498084
37.72169386363636
-122.44753454545454
37.785586634615385
-122.3892476098901
37.86806
-122.50199
37.78935938728025
-122.40278978024818
37.76129478873239
-122.41575877934272
37.76982435897436
-122.40608315018315
37.79914111627907
-122.4436644883721
37.77283701446281
-122.42261767561983
37.719756162790695
-122.48388430232558
37.80006818713451
-122.42447003898636
37.78885635446686
-122.41127085014409
37.79979328125
-122.43686026041667
37.772703968871596
-122.44150182879378
37.73114036184211
-122.47493470394737
37.78181397677794
-122.42103660377359
37.78922786458333
-122.42085197916667
37.75685169463087
-122.41834580536913
37.79073058375634
-122.3944130425127
37.773436857142855
-122.38864764285714
37.780463358778626
-122.47678713740459
37.75052238095238
-122.50355773809524
37.76276412202381
-122.435161640625
37.77448107142857
-122.49663178571429
37.79345278217822
-122.4032019108911
37.728380380434785
-122.43092379891304
37.71161615384615
-122.40800769230769
37.787708800847454
-122.40813364194915
37.74674359848485
-122.42043912878788
37.755844458333335
-122.43512493888889
37.787810904255316
-122.40012545212765
37.803291173913045
-122.43683373913044
37.76551803571429
-122.43035523214286
37.627441363636365
-122.40249136363636
37.77354782828283
-122.43505641414141
37.78472050531915
-122.39500124999999
37.76264033333333
-122.50665283333333
37.78583335664336
-122.4251131002331
37.75102694214876
-122.40346739669421
37.7979349
-122.40581227333334
37.80006695985832
-122.4095783116883
-1