Period FirstGet SecondGet Percentage
246 252 0
247 238 1
215 199 0
222 211 0
194 198 0
192 170 0
200 198 0
185 198 0
181 183 2
142 141 0
125 94 0
87 81 0
68 83 3
66 64 0
58 55 0
55 49 0
49 42 4
35 42 4
43 57 0
52 42 0
50 48 6
54 53 1
70 73 4
60 80 2
60 77 1
73 59 1
97 93 0
103 86 0
99 94 2
115 105 0
135 148 0
191 154 0
156 163 0
188 178 1
170 192 0
183 197 0
186 172 0
202 200 1
213 188 0
189 202 0
179 174 0
198 201 0
199 176 0
188 218 0
200 208 0
205 171 0
187 225 0
216 233 0
213 193 0
204 195 1
193 216 0
216 206 0
196 184 0
202 205 0
199 195 0
202 189 0
189 224 0
196 192 0
194 181 0
176 202 0
198 176 0
175 200 0
199 182 1
186 216 0
202 189 0
187 194 0
189 154 0
199 189 0
203 203 0
214 212 0
253 265 0
252 253 0
268 282 0
278 293 1
258 284 0
292 254 0
287 290 0
317 314 0
331 306 0
316 311 0
322 295 0
274 269 0
304 312 0
289 282 0
285 288 0
281 308 0
298 319 0
333 306 0
351 290 0
263 317 0
291 302 0
298 295 0
270 256 0
287 269 0
245 267 0
