Period FirstGet SecondGet Percentage
260 258 5
230 234 6
226 221 3
191 213 7
205 193 4
201 185 5
179 163 3
206 215 5
203 192 9
156 138 5
96 113 7
69 90 14
79 72 20
68 55 16
59 43 30
54 45 27
42 46 36
59 52 32
48 58 22
50 47 24
49 59 32
68 55 29
74 69 22
71 71 22
65 66 24
61 63 19
99 89 10
110 99 20
108 130 14
138 119 9
159 158 11
142 186 11
168 141 12
163 176 9
191 196 5
225 183 14
178 198 7
167 182 12
199 171 8
200 215 5
198 181 6
197 206 13
180 159 16
205 178 12
168 185 10
166 202 15
195 190 8
200 241 7
195 215 7
190 189 8
183 203 7
212 240 12
187 175 9
211 199 9
212 206 14
212 203 8
176 208 10
185 230 10
218 206 11
202 209 7
185 197 6
199 169 7
205 203 8
199 173 8
186 191 6
183 185 5
198 201 5
180 214 5
203 217 11
230 216 6
241 270 6
269 247 2
247 287 5
290 289 4
285 323 4
296 284 2
307 309 4
326 296 5
320 312 4
326 330 2
321 322 4
318 328 6
309 345 3
310 284 5
312 289 8
248 274 8
323 308 5
279 295 4
275 328 3
286 306 4
301 291 3
280 259 3
295 291 3
270 272 5
282 274 6
