0 14
0 6
0 9
0 11
0 7
0 11
0 17
0 16
0 7
0 1
0 0
0 7
0 4
0 4
0 13
0 11
0 0
0 1
0 3
0 14
0 16
0 14
0 0
0 10
0 3
0 0
0 13
0 13
0 14
0 0
0 13
0 8
0 0
0 0
0 13
0 4
0 0
0 15
0 8
0 17
0 11
0 8
0 2
0 14
0 13
0 3
0 15
0 10
0 7
0 2
0 7
0 7
0 17
0 1
0 11
0 0
0 17
0 12
0 0
0 0
0 12
0 10
0 7
0 6
0 10
0 13
0 19
0 3
0 1
0 13
0 10
0 0
0 10
0 9
0 1
0 0
0 14
0 17
0 16
0 17
0 17
0 3
0 0
0 3
0 16
0 7
0 16
0 10
0 13
0 0
0 17
0 7
0 2
0 11
0 13
0 7
0 13
0 13
0 14
0 1
0 0
0 0
0 0
0 15
0 2
0 0
0 16
1 1
1 8
1 3
1 0
1 0
1 7
1 0
1 14
1 0
1 0
1 1
1 0
1 15
1 16
1 7
1 8
1 14
1 10
1 2
1 17
1 0
1 6
1 13
1 10
1 0
1 16
1 17
1 0
1 4
1 13
1 0
1 13
1 14
1 13
1 13
1 14
1 4
1 1
1 7
1 13
1 0
1 16
1 9
1 8
1 16
1 13
1 13
1 1
1 13
1 10
1 10
1 0
1 2
1 2
1 0
1 7
1 13
1 0
1 17
1 17
1 17
1 13
1 13
1 16
1 9
1 13
1 8
1 16
1 17
1 6
1 16
1 1
1 13
1 0
1 13
1 7
1 0
1 1
1 1
1 16
1 0
1 2
1 10
1 16
1 1
1 11
1 11
1 17
1 13
1 1
1 17
1 8
1 7
1 14
1 11
1 13
1 0
1 11
1 10
1 13
1 13
1 1
1 3
1 17
1 16
1 14
1 0
2 13
2 3
2 16
2 6
2 17
2 12
2 14
2 10
2 17
2 3
2 13
2 13
2 0
2 11
2 1
2 6
2 0
2 1
2 13
2 3
2 2
2 8
2 16
2 17
2 4
2 16
2 4
2 4
2 16
2 11
2 4
2 15
2 17
2 10
2 13
2 10
2 2
2 6
2 0
2 17
2 13
2 1
2 15
2 2
2 16
2 1
2 16
2 2
2 15
2 4
2 8
2 4
2 6
2 10
2 13
2 7
2 14
2 13
2 10
2 11
2 13
2 17
2 17
2 13
2 17
2 10
2 0
2 8
2 1
2 1
2 1
2 13
2 17
2 8
2 13
2 10
2 1
2 13
2 11
2 0
2 11
2 3
2 12
2 17
2 15
2 17
2 3
2 10
2 19
2 9
2 11
2 1
2 10
2 13
2 10
2 13
2 1
2 14
2 2
2 14
2 6
2 0
2 16
2 14
2 14
2 8
2 3
2 6
2 17
2 13
2 4
2 13
2 9
2 13
2 7
2 17
2 17
2 13
2 1
2 11
2 4
2 16
2 17
2 13
2 14
3 13
3 1
3 13
3 14
3 10
3 17
3 1
3 17
3 12
3 1
3 2
3 1
3 11
3 8
3 1
3 17
3 0
3 17
3 2
3 0
3 10
3 17
3 14
3 4
3 2
3 10
3 6
3 8
3 17
3 13
3 1
3 10
3 13
3 7
3 7
3 7
3 14
3 17
3 10
3 6
3 1
3 11
3 14
3 15
3 4
3 14
3 11
3 2
3 18
3 0
3 6
3 16
3 1
3 17
3 13
3 11
3 13
3 1
3 5
3 11
3 9
3 17
3 11
3 14
3 13
3 11
3 8
3 2
3 17
3 11
3 17
3 0
3 16
3 2
3 2
3 17
3 16
3 13
3 11
3 10
3 7
3 8
3 2
3 9
3 3
3 17
3 7
3 0
3 1
3 4
3 8
3 10
3 8
3 13
3 14
3 0
3 7
3 2
3 15
3 16
3 9
3 0
3 10
3 10
3 15
3 8
3 10
3 13
3 17
3 14
3 0
3 11
3 2
3 16
3 13
3 13
3 3
3 14
3 13
3 2
3 3
3 14
3 11
3 1
3 7
3 16
3 6
3 13
3 7
4 13
4 4
4 1
4 17
4 10
4 16
4 17
4 1
4 6
4 14
4 13
4 4
4 13
4 16
4 8
4 13
4 16
4 13
4 0
4 0
4 15
4 2
4 13
4 1
4 11
4 10
4 3
4 14
4 17
4 10
4 11
4 13
4 10
4 9
4 17
4 5
4 16
4 14
4 13
4 10
4 6
4 11
4 0
4 13
4 7
4 8
4 19
4 1
4 13
4 14
4 17
4 16
4 1
4 6
4 0
4 14
4 17
4 6
4 11
4 17
4 2
4 16
4 13
4 5
4 13
4 3
4 10
4 13
4 9
4 1
4 19
4 13
4 7
4 1
4 11
4 12
4 13
4 10
4 10
4 12
4 11
4 7
4 7
4 17
4 16
4 4
4 10
4 17
4 13
4 11
4 17
4 17
4 13
4 11
4 14
4 16
4 3
4 14
4 0
4 16
4 13
4 17
4 0
4 6
4 7
4 15
4 17
4 2
4 14
4 10
4 4
4 3
4 4
4 17
4 3
4 13
4 17
4 0
4 13
4 0
4 10
5 0
5 17
5 7
5 15
5 7
5 17
5 0
5 10
5 11
5 0
5 6
5 2
5 10
5 13
5 4
5 13
5 17
5 16
5 8
5 0
5 13
5 13
5 3
5 1
5 0
5 12
5 16
5 14
5 17
5 16
5 10
5 2
5 17
5 2
5 13
5 16
5 2
5 0
5 13
5 11
5 17
5 10
5 11
5 7
5 17
5 9
5 19
5 8
5 1
5 13
5 3
5 13
5 11
5 14
5 17
5 9
5 17
5 17
5 0
5 4
5 15
5 7
5 1
5 6
5 1
5 17
5 11
5 4
5 15
5 11
5 0
5 16
5 16
5 13
5 0
5 11
5 7
5 3
5 4
5 16
5 1
5 16
5 16
5 2
5 0
5 8
5 6
5 13
5 4
5 7
5 4
5 2
5 13
5 0
5 2
5 12
5 17
5 13
5 0
5 17
5 10
5 17
5 17
5 0
5 13
5 3
5 14
5 13
5 15
5 3
5 1
5 7
5 17
5 9
5 1
5 9
5 16
5 2
5 12
5 2
5 7
5 0
5 16
5 17
5 17
5 17
5 3
5 6
5 18
6 7
6 10
6 16
6 16
6 17
6 11
6 7
6 16
6 0
6 10
6 13
6 14
6 15
6 13
6 10
6 6
6 10
6 2
6 11
6 0
6 3
6 6
6 17
6 4
6 2
6 8
6 14
6 11
6 16
6 13
6 17
6 7
6 8
6 3
6 13
6 2
6 0
6 6
6 10
6 2
6 3
6 1
6 15
6 8
6 0
6 3
6 8
6 9
6 11
6 17
6 7
6 13
6 14
6 17
6 3
6 17
6 2
6 0
6 10
6 7
6 2
6 0
6 17
6 1
6 2
6 10
6 16
6 1
6 13
6 0
6 3
6 6
6 16
6 13
6 3
6 13
6 17
6 17
6 0
6 1
6 7
6 7
6 4
6 7
6 14
6 13
6 9
6 0
6 13
6 3
6 15
6 17
6 13
6 1
6 4
6 17
6 11
6 13
6 3
6 16
6 17
6 2
6 7
6 2
6 19
6 0
6 4
6 2
6 14
6 1
6 13
6 7
6 3
6 16
6 13
6 3
6 16
6 17
6 17
6 6
6 3
6 13
6 10
6 16
6 9
6 16
6 17
6 3
6 11
6 4
6 2
6 7
6 13
6 7
6 11
6 17
6 3
7 8
7 16
7 4
7 17
7 9
7 14
7 16
7 11
7 0
7 14
7 10
7 13
7 17
7 13
7 13
7 17
7 14
7 13
7 1
7 6
7 16
7 13
7 13
7 16
7 0
7 7
7 7
7 17
7 17
7 12
7 2
7 17
7 3
7 8
7 3
7 3
7 7
7 8
7 10
7 19
7 7
7 10
7 16
7 3
7 8
7 3
7 17
7 0
7 1
7 3
7 8
7 15
7 11
7 14
7 16
7 7
7 16
7 2
7 17
7 13
7 0
7 16
7 13
7 15
7 0
7 0
7 13
7 2
7 14
7 16
7 10
7 9
7 13
7 17
7 8
7 3
7 1
7 16
7 1
7 0
7 13
7 13
7 2
7 17
7 10
7 16
7 17
7 13
7 2
7 16
7 17
7 2
7 17
7 8
7 3
7 14
7 10
7 15
7 10
7 2
7 0
7 0
7 5
7 14
7 17
7 2
7 17
7 13
7 17
7 0
7 16
7 16
7 8
7 17
7 17
7 0
7 0
7 0
7 6
7 13
7 14
7 13
7 0
7 13
7 16
7 2
7 0
7 17
7 8
7 6
7 14
7 17
7 0
7 16
7 2
7 10
7 16
7 8
7 15
7 14
7 9
7 13
7 17
8 3
8 13
8 3
8 14
8 13
8 17
8 8
8 13
8 7
8 8
8 17
8 10
8 13
8 14
8 4
8 2
8 10
8 13
8 3
8 4
8 10
8 16
8 7
8 9
8 7
8 16
8 8
8 17
8 4
8 16
8 16
8 16
8 13
8 6
8 13
8 7
8 13
8 17
8 16
8 13
8 8
8 2
8 11
8 17
8 11
8 11
8 3
8 0
8 13
8 15
8 0
8 13
8 4
8 16
8 17
8 0
8 7
8 17
8 13
8 11
8 17
8 7
8 7
8 16
8 0
8 1
8 16
8 17
8 13
8 3
8 3
8 3
8 3
8 11
8 13
8 4
8 17
8 10
8 13
8 16
8 0
8 0
8 14
8 3
8 16
8 10
8 17
8 16
8 16
8 13
8 3
8 6
8 0
8 3
8 15
8 6
8 17
8 0
8 8
8 16
8 0
8 7
8 11
8 2
8 0
8 13
8 0
8 0
8 0
8 13
8 18
8 17
8 0
8 2
8 17
8 16
8 13
8 13
8 6
8 13
8 0
8 0
8 2
8 14
8 6
8 15
8 2
8 3
8 13
8 0
8 16
8 0
8 17
8 13
8 3
8 10
8 1
8 13
8 13
8 7
8 16
8 10
8 2
8 4
9 16
9 8
9 12
9 8
9 9
9 0
9 13
9 0
9 8
9 10
9 16
9 0
9 4
9 13
9 15
9 17
9 7
9 17
9 4
9 11
9 2
9 4
9 17
9 17
9 0
9 0
9 7
9 3
9 0
9 17
9 6
9 10
9 7
9 0
9 10
9 8
9 5
9 15
9 8
9 15
9 11
9 8
9 11
9 7
9 17
9 16
9 17
9 17
9 13
9 14
9 0
9 1
9 13
9 17
9 17
9 13
9 7
9 9
9 17
9 10
9 10
9 9
9 0
9 0
9 0
9 14
9 13
9 13
9 7
9 17
9 10
9 0
9 13
9 17
9 17
9 0
9 10
9 15
9 7
9 7
9 10
9 4
9 6
9 13
9 16
9 0
9 1
9 1
9 0
9 17
9 4
9 16
9 17
9 10
9 17
9 13
9 3
9 14
9 13
9 17
9 13
9 17
9 17
9 0
9 9
9 2
9 6
9 8
9 13
9 9
9 3
9 17
9 3
9 0
9 11
9 8
9 16
9 13
9 1
9 17
9 16
9 17
9 0
9 3
9 3
9 0
9 8
9 6
9 13
9 13
9 10
9 11
9 17
9 6
9 17
9 7
9 0
9 10
9 16
9 4
9 11
9 9
9 13
9 13
9 13
9 3
9 0
9 13
9 2
9 10
10 0
10 14
10 0
10 1
10 4
10 7
10 2
10 1
10 1
10 11
10 8
10 15
10 4
10 14
10 13
10 11
10 0
10 2
10 13
10 13
10 16
10 13
10 0
10 17
10 13
10 10
10 13
10 11
10 17
10 7
10 8
10 17
10 7
10 17
10 4
10 1
10 7
10 16
10 13
10 4
10 8
10 14
10 2
10 16
10 3
10 8
10 0
10 10
10 3
10 0
10 3
10 3
10 17
10 2
10 17
10 14
10 2
10 17
10 2
10 0
10 16
10 8
10 16
10 9
10 0
10 6
10 14
10 16
10 11
10 13
10 12
10 6
10 15
10 9
10 1
10 15
10 16
10 15
10 12
10 15
10 13
10 0
10 13
10 6
10 17
10 16
10 6
10 0
10 0
10 13
10 11
10 17
10 11
10 2
10 13
10 0
10 13
10 1
10 7
10 4
10 13
10 0
10 6
10 13
10 7
10 17
10 8
10 2
10 13
10 0
10 0
10 14
10 16
10 8
10 13
10 4
10 4
10 14
10 6
10 3
10 4
10 9
10 1
10 13
10 2
10 6
10 13
10 18
10 0
10 13
10 11
10 12
10 0
10 13
10 17
10 17
10 13
10 13
10 10
10 3
10 13
10 9
10 0
10 13
11 0
11 16
11 10
11 13
11 17
11 17
11 13
11 16
11 8
11 8
11 10
11 0
11 8
11 7
11 7
11 13
11 13
11 16
11 3
11 3
11 13
11 17
11 1
11 14
11 9
11 13
11 14
11 3
11 11
11 8
11 6
11 4
11 2
11 10
11 14
11 15
11 17
11 6
11 16
11 13
11 17
11 7
11 10
11 8
11 15
11 17
11 0
11 13
11 8
11 0
11 6
11 2
11 0
11 17
11 17
11 3
11 14
11 4
11 8
11 16
11 16
11 2
11 13
11 4
11 17
11 16
11 10
11 8
11 13
11 6
11 10
11 17
11 14
11 13
11 10
11 0
11 4
11 7
11 6
11 12
11 0
11 2
11 0
11 8
11 7
11 6
11 13
11 13
11 13
11 12
11 14
11 7
11 2
11 0
11 2
11 6
11 16
11 2
11 13
11 17
11 13
11 8
11 3
11 0
11 14
11 4
11 14
11 14
11 17
11 10
11 4
11 13
11 13
11 13
11 14
11 17
11 10
11 3
11 13
11 13
11 15
11 9
11 4
11 8
11 13
11 17
11 10
11 2
11 13
11 13
11 16
11 15
11 2
11 8
11 8
11 0
11 2
11 3
11 13
11 2
11 6
11 0
11 13
11 13
11 10
11 2
12 4
12 13
12 0
12 1
12 17
12 11
12 11
12 14
12 3
12 13
12 13
12 8
12 3
12 0
12 0
12 2
12 8
12 13
12 16
12 10
12 3
12 16
12 10
12 3
12 7
12 6
12 1
12 17
12 9
12 6
12 17
12 1
12 1
12 14
12 4
12 13
12 8
12 2
12 3
12 13
12 13
12 6
12 1
12 16
12 16
12 12
12 3
12 8
12 0
12 8
12 0
12 0
12 8
12 11
12 0
12 13
12 0
12 4
12 4
12 6
12 7
12 11
12 1
12 13
12 1
12 8
12 0
12 2
12 7
12 17
12 13
12 8
12 6
12 13
12 8
12 17
12 2
12 14
12 9
12 13
12 13
12 2
12 6
12 16
12 13
12 13
12 17
12 8
12 15
12 0
12 14
12 4
12 14
12 0
12 13
12 11
12 13
12 6
12 15
12 6
12 4
12 7
12 14
12 0
12 0
12 13
12 7
12 17
12 1
12 16
12 14
12 3
12 0
12 9
12 10
12 16
12 17
12 15
12 12
12 13
12 0
12 13
12 0
12 4
12 2
12 13
12 11
12 17
12 1
12 1
12 17
12 2
12 3
12 16
12 0
12 0
12 16
12 8
12 6
12 10
12 7
12 11
12 13
12 11
12 6
12 2
12 7
12 17
12 17
12 3
12 10
12 16
13 17
13 8
13 11
13 0
13 13
13 5
13 17
13 1
13 11
13 2
13 2
13 0
13 11
13 13
13 0
13 2
13 7
13 2
13 17
13 6
13 4
13 13
13 13
13 14
13 2
13 0
13 0
13 8
13 15
13 0
13 16
13 13
13 2
13 13
13 13
13 8
13 0
13 15
13 16
13 13
13 13
13 14
13 16
13 8
13 6
13 11
13 16
13 14
13 7
13 17
13 17
13 16
13 8
13 16
13 8
13 17
13 0
13 3
13 6
13 11
13 8
13 18
13 3
13 8
13 13
13 13
13 14
13 13
13 13
13 1
13 13
13 1
13 15
13 13
13 13
13 2
13 11
13 13
13 14
13 13
13 0
13 16
13 10
13 6
13 16
13 13
13 17
13 7
13 2
13 0
13 13
13 3
13 15
13 7
13 13
13 17
13 7
13 16
13 11
13 7
13 1
13 0
13 13
13 13
13 4
13 11
13 13
13 13
13 13
13 0
13 10
13 16
13 1
13 13
13 15
13 7
13 13
13 13
13 16
13 13
13 14
13 13
13 14
13 16
13 11
13 13
13 7
13 6
13 15
13 7
13 13
13 7
13 1
13 7
13 15
13 2
13 4
13 1
13 13
13 2
14 0
14 1
14 0
14 13
14 0
14 17
14 13
14 10
14 13
14 13
14 13
14 13
14 1
14 16
14 0
14 0
14 1
14 2
14 1
14 13
14 10
14 10
14 8
14 8
14 7
14 13
14 13
14 7
14 4
14 13
14 1
14 3
14 0
14 13
14 14
14 2
14 8
14 11
14 2
14 8
14 2
14 2
14 10
14 2
14 10
14 11
14 17
14 4
14 13
14 1
14 10
14 3
14 16
14 13
14 13
14 11
14 17
14 11
14 7
14 3
14 13
14 13
14 11
14 13
14 13
14 10
14 12
14 0
14 1
14 4
14 1
14 14
14 16
14 11
14 3
14 0
14 0
14 13
14 7
14 15
14 8
14 10
14 17
14 13
14 2
14 4
14 9
14 11
14 2
14 1
14 15
14 17
14 0
14 14
14 17
14 14
14 0
14 13
14 4
14 8
14 1
14 4
14 13
14 2
14 6
14 6
14 0
14 8
14 16
14 13
14 16
14 14
14 13
14 2
14 0
14 4
14 17
14 17
14 3
14 16
14 11
14 4
14 0
14 13
14 13
14 14
14 14
14 16
14 17
14 3
14 13
14 8
14 0
14 13
14 13
14 0
14 10
14 2
14 11
14 2
15 14
15 13
15 11
15 13
15 7
15 6
15 15
15 7
15 13
15 1
15 13
15 1
15 0
15 13
15 2
15 4
15 13
15 8
15 3
15 15
15 6
15 15
15 4
15 0
15 3
15 17
15 0
15 13
15 2
15 0
15 17
15 7
15 17
15 2
15 4
15 12
15 10
15 16
15 14
15 0
15 13
15 13
15 14
15 11
15 0
15 17
15 1
15 13
15 13
15 2
15 11
15 2
15 13
15 2
15 7
15 2
15 13
15 10
15 11
15 11
15 14
15 8
15 0
15 2
15 0
15 13
15 1
15 17
15 17
15 14
15 11
15 13
15 13
15 7
15 10
15 2
15 7
15 2
15 11
15 0
15 14
15 16
15 13
15 13
15 2
15 17
15 8
15 4
15 13
15 2
15 3
15 4
15 1
15 10
15 13
15 15
15 4
15 16
15 10
15 14
15 2
15 13
15 1
15 13
15 1
15 13
15 13
15 2
15 3
15 8
15 13
15 2
15 0
15 13
15 0
15 17
15 3
15 2
15 7
15 8
15 0
15 8
15 13
15 16
15 0
15 16
15 17
15 4
15 8
15 7
15 7
16 14
16 2
16 13
16 13
16 13
16 2
16 14
16 14
16 13
16 13
16 17
16 0
16 0
16 15
16 13
16 17
16 16
16 19
16 3
16 6
16 4
16 0
16 16
16 13
16 13
16 7
16 10
16 1
16 17
16 2
16 13
16 13
16 14
16 0
16 9
16 16
16 0
16 11
16 16
16 13
16 0
16 16
16 16
16 13
16 17
16 0
16 2
16 4
16 8
16 1
16 2
16 7
16 0
16 16
16 8
16 13
16 15
16 2
16 7
16 11
16 13
16 15
16 15
16 6
16 11
16 14
16 4
16 8
16 8
16 16
16 16
16 13
16 11
16 8
16 10
16 12
16 2
16 8
16 6
16 10
16 2
16 13
16 2
16 14
16 13
16 9
16 16
16 9
16 0
16 2
16 2
16 1
16 13
16 4
16 16
16 0
16 8
16 3
16 13
16 17
16 13
16 16
16 17
16 18
16 13
16 13
16 3
16 13
16 4
16 13
16 13
16 4
16 9
16 6
16 0
16 3
16 3
16 16
16 17
16 13
16 0
16 18
16 2
16 17
17 0
17 3
17 13
17 1
17 6
17 16
17 16
17 7
17 1
17 16
17 11
17 6
17 19
17 16
17 13
17 17
17 13
17 15
17 11
17 8
17 5
17 8
17 3
17 6
17 7
17 17
17 13
17 17
17 0
17 3
17 15
17 13
17 0
17 2
17 10
17 13
17 1
17 13
17 6
17 14
17 9
17 0
17 3
17 17
17 14
17 16
17 11
17 3
17 10
17 4
17 3
17 6
17 7
17 13
17 13
17 9
17 6
17 8
17 17
17 13
17 13
17 13
17 7
17 6
17 7
17 13
17 2
17 13
17 14
17 16
17 16
17 13
17 0
17 13
17 11
17 4
17 1
17 0
17 17
17 10
17 16
17 7
17 11
17 17
17 0
17 15
17 13
17 4
17 2
17 16
17 1
17 4
17 11
17 3
17 8
17 0
17 16
17 16
17 3
17 12
17 14
17 8
17 16
17 13
17 7
17 4
17 13
17 13
17 14
17 0
17 13
17 0
17 13
17 10
17 0
17 0
17 13
17 0
18 0
18 13
18 14
18 2
18 17
18 14
18 13
18 3
18 2
18 0
18 1
18 6
18 13
18 7
18 17
18 13
18 0
18 8
18 16
18 1
18 16
18 4
18 17
18 1
18 0
18 17
18 7
18 14
18 13
18 17
18 17
18 0
18 3
18 3
18 14
18 1
18 3
18 9
18 8
18 13
18 10
18 13
18 13
18 0
18 4
18 15
18 14
18 14
18 14
18 6
18 8
18 17
18 8
18 16
18 13
18 13
18 12
18 3
18 2
18 2
18 3
18 2
18 14
18 8
18 16
18 16
18 0
18 0
18 13
18 0
18 7
18 9
18 0
18 8
18 3
18 9
18 13
18 15
18 13
18 7
18 7
18 16
18 17
18 8
18 14
18 2
18 14
18 0
18 13
18 2
18 1
18 13
18 13
18 8
18 17
18 11
18 15
18 13
18 2
18 0
18 7
18 6
18 0
18 2
18 8
18 2
18 7
18 7
18 6
18 8
18 17
18 6
18 13
18 15
18 13
18 17
18 8
18 4
18 2
18 13
18 13
18 15
19 16
19 3
19 0
19 13
19 5
19 17
19 0
19 9
19 16
19 2
19 3
19 17
19 3
19 3
19 17
19 15
19 2
19 7
19 7
19 16
19 17
19 16
19 15
19 13
19 10
19 13
19 13
19 2
19 13
19 3
19 7
19 10
19 2
19 16
19 17
19 1
19 2
19 3
19 11
19 2
19 13
19 13
19 17
19 11
19 11
19 13
19 1
19 8
19 3
19 13
19 8
19 0
19 16
19 17
19 4
19 13
19 11
19 1
19 10
19 2
19 9
19 1
19 8
19 17
19 11
19 6
19 14
19 17
19 4
19 16
19 0
19 16
19 17
19 10
19 10
19 13
19 17
19 15
19 0
19 13
19 13
19 8
19 17
19 0
19 13
19 14
19 0
19 17
19 13
19 4
19 13
19 13
19 8
19 8
19 16
19 11
19 3
19 13
19 3
19 16
19 2
19 10
19 17
19 8
19 1
19 0
19 6
19 7
19 6
19 9
20 17
20 17
20 11
20 18
20 14
20 17
20 15
20 17
20 7
20 7
20 14
20 14
20 13
20 17
20 11
20 17
20 1
20 17
20 8
20 17
20 19
20 17
20 16
20 6
20 9
20 17
20 1
20 11
20 15
20 3
20 1
20 13
20 6
20 2
20 1
20 13
20 15
20 0
20 17
20 0
20 13
20 13
20 8
20 1
20 2
20 11
20 13
20 0
20 10
20 2
20 12
20 13
20 16
20 13
20 2
20 4
20 3
20 0
20 17
20 4
20 14
20 1
20 7
20 13
20 0
20 17
20 17
20 14
20 15
20 15
20 16
20 13
20 13
20 6
20 11
20 10
20 16
20 15
20 1
20 2
20 13
20 16
20 13
20 2
20 3
20 0
20 17
20 1
20 8
20 17
20 0
20 9
20 13
20 4
20 0
20 13
20 1
20 10
20 10
20 2
20 7
20 2
20 7
20 14
20 17
20 17
20 13
20 16
20 8
20 0
20 13
20 7
20 1
20 16
20 2
20 13
20 2
20 14
21 13
21 19
21 3
21 6
21 13
21 2
21 2
21 3
21 8
21 17
21 16
21 7
21 0
21 16
21 13
21 0
21 13
21 13
21 17
21 6
21 13
21 13
21 0
21 9
21 9
21 13
21 2
21 17
21 13
21 12
21 13
21 1
21 2
21 7
21 0
21 17
21 13
21 13
21 2
21 4
21 0
21 6
21 13
21 3
21 10
21 15
21 12
21 9
21 2
21 12
21 0
21 13
21 7
21 17
21 6
21 0
21 13
21 7
21 17
21 0
21 4
21 14
21 17
21 14
21 2
21 2
21 4
21 10
21 10
21 5
21 13
21 17
21 13
21 14
21 0
21 8
21 2
21 7
21 1
21 8
21 17
21 15
21 4
21 4
21 0
21 13
21 7
21 2
21 13
21 8
21 8
21 13
21 7
21 8
21 7
21 13
21 14
21 6
21 14
21 17
21 1
21 13
21 8
21 13
21 8
21 11
21 2
21 3
22 6
22 0
22 11
22 17
22 15
22 15
22 17
22 8
22 0
22 17
22 11
22 14
22 7
22 0
22 3
22 7
22 11
22 13
22 17
22 15
22 3
22 2
22 12
22 17
22 11
22 16
22 12
22 6
22 16
22 13
22 0
22 13
22 7
22 14
22 15
22 15
22 17
22 6
22 15
22 3
22 16
22 15
22 8
22 1
22 7
22 4
22 2
22 17
22 8
22 17
22 11
22 6
22 2
22 3
22 11
22 13
22 11
22 16
22 9
22 6
22 3
22 0
22 7
22 10
22 13
22 2
22 13
22 2
22 16
22 11
22 17
22 9
22 1
22 13
22 6
22 13
22 17
22 8
22 8
22 7
22 3
22 11
22 6
22 6
22 4
22 13
22 17
22 11
22 14
22 1
22 4
22 11
22 7
22 7
22 14
22 7
22 11
22 7
22 11
22 3
22 14
22 11
22 15
22 8
22 13
22 2
22 15
22 2
22 0
22 17
22 8
22 16
22 16
22 10
23 14
23 13
23 17
23 11
23 1
23 11
23 19
23 0
23 13
23 10
23 4
23 3
23 17
23 7
23 11
23 2
23 7
23 9
23 6
23 13
23 0
23 11
23 13
23 13
23 16
23 0
23 17
23 15
23 17
23 9
23 18
23 2
23 11
23 11
23 11
23 6
23 8
23 9
23 13
23 13
23 3
23 3
23 2
23 0
23 13
23 2
23 0
23 13
23 4
23 14
23 8
23 11
23 16
23 0
23 8
23 6
23 13
23 15
23 2
23 11
23 11
23 10
23 11
23 11
23 17
23 7
23 13
23 16
23 8
23 10
23 11
23 10
23 16
23 10
23 11
23 2
23 15
23 2
23 6
23 17
23 10
23 1
23 2
23 17
23 17
23 14
23 2
23 8
23 14
23 8
23 4
23 13
23 13
23 15
23 6
23 18
23 15
23 7
23 0
23 0
23 2
23 0
23 8
23 7
23 10
23 17
23 1
23 17
23 17
23 3
23 14
23 13
24 2
24 10
24 7
24 0
24 11
24 13
24 10
24 0
24 6
24 0
24 13
24 14
24 6
24 11
24 1
24 13
24 14
24 11
24 7
24 4
24 7
24 17
24 4
24 7
24 17
24 15
24 16
24 11
24 2
24 2
24 16
24 2
24 2
24 3
24 14
24 2
24 17
24 10
24 17
24 0
24 17
24 8
24 2
24 7
24 16
24 0
24 3
24 8
24 13
24 16
24 16
24 11
24 15
24 7
24 14
24 17
24 10
24 10
24 13
24 13
24 17
24 13
24 11
24 6
24 7
24 16
24 2
24 15
24 16
24 16
24 1
24 17
24 6
24 16
24 5
24 16
24 11
24 7
24 16
24 2
24 13
24 17
24 13
24 9
24 2
24 14
24 13
24 15
24 17
24 11
24 7
24 13
24 8
24 6
24 4
25 0
25 3
25 6
25 14
25 6
25 17
25 14
25 0
25 17
25 9
25 13
25 4
25 10
25 3
25 3
25 11
25 15
25 16
25 6
25 3
25 13
25 0
25 13
25 9
25 11
25 0
25 16
25 17
25 7
25 8
25 15
25 10
25 11
25 11
25 0
25 1
25 5
25 7
25 17
25 3
25 15
25 3
25 8
25 0
25 15
25 13
25 0
25 1
25 14
25 8
25 3
25 6
25 2
25 17
25 1
25 13
25 11
25 0
25 6
25 2
25 0
25 19
25 8
25 8
25 17
25 2
25 14
25 15
25 6
25 14
25 12
25 13
25 0
25 10
25 0
26 17
26 15
26 19
26 17
26 0
26 16
26 0
26 6
26 7
26 4
26 4
26 14
26 13
26 4
26 2
26 17
26 2
26 13
26 4
26 15
26 3
26 15
26 13
26 17
26 2
26 11
26 13
26 17
26 4
26 10
26 2
26 2
26 3
26 13
26 3
26 13
26 15
26 2
26 16
26 8
26 2
26 7
26 19
26 1
26 10
26 2
26 8
26 3
26 4
26 8
26 10
26 13
26 18
26 14
26 13
26 11
26 13
26 8
26 10
26 2
26 13
26 13
26 13
26 13
26 4
27 8
27 4
27 5
27 13
27 13
27 4
28 14
28 8
28 15
28 16
28 5
28 18
28 2
28 2
28 11
28 5
28 17
28 7
28 6
28 10
28 11
28 12
28 15
28 15
28 0
28 9
28 6
28 11
28 15
28 13
28 6
28 3
28 2
28 2
28 14
28 16
28 16
28 2
28 7
28 8
28 2
28 13
28 11
28 15
28 8
28 11
28 6
28 14
28 17
28 1
28 11
28 8
28 14
28 12
28 2
28 15
28 16
28 0
28 8
28 12
28 16
28 16
28 13
28 0
28 8
28 3
28 2
28 6
29 7
29 13
29 8
29 0
29 0
29 6
29 15
29 16
29 9
29 7
29 15
29 3
29 17
29 2
29 13
29 2
29 13
29 17
29 4
29 11
29 0
29 17
29 2
29 10
29 2
29 5
29 8
29 4
29 3
29 8
29 7
29 8
29 14
29 6
29 6
29 16
29 2
30 16
30 14
30 14
30 8
30 14
30 3
30 6
30 8
30 2
30 14
30 16
30 4
30 2
30 15
30 11
30 3
30 4
30 6
30 16
30 2
30 15
30 13
30 11
30 3
30 6
30 15
30 0
30 15
30 6
30 3
30 15
30 17
30 2
30 2
30 0
30 16
30 8
30 11
30 2
30 17
30 11
30 15
30 15
30 2
31 18
31 8
31 11
31 15
31 8
31 1
31 7
31 17
31 8
31 13
31 9
31 8
31 14
31 17
31 0
31 15
31 2
31 4
31 15
31 16
31 6
31 2
31 0
31 0
31 2
31 6
31 2
31 14
31 0
31 8
31 15
31 15
31 3
31 6
31 17
31 17
31 15
31 8
32 16
32 17
32 17
32 8
32 6
32 15
32 10
32 11
32 6
32 15
32 5
32 11
32 16
32 13
32 16
32 9
32 15
32 2
32 9
32 4
32 2
32 17
32 15
32 6
32 2
32 2
32 17
32 14
32 4
32 17
32 6
32 16
32 2
32 14
32 11
32 2
32 7
33 15
33 8
33 16
33 17
33 15
33 16
33 15
33 0
33 0
33 6
33 8
33 2
33 16
33 7
33 17
33 15
33 0
33 14
33 6
33 15
33 11
33 2
33 15
33 8
33 15
33 0
33 17
33 6
33 9
33 10
33 6
33 8
33 5
33 16
33 2
33 2
33 7
34 6
34 15
34 6
34 13
34 11
34 17
34 11
34 6
34 2
34 4
34 3
34 11
34 2
34 11
34 4
34 13
34 11
34 8
34 7
34 2
34 6
34 8
34 2
34 6
34 3
34 18
34 15
34 15
34 2
34 8
34 13
34 18
34 2
34 3
34 7
34 2
34 6
34 6
34 2
34 2
34 16
34 3
34 6
34 3
34 6
34 6
34 5
34 16
34 4
34 5
34 15
35 6
35 18
35 7
35 15
35 16
35 6
35 2
35 7
35 8
35 2
35 13
35 11
35 16
35 0
35 3
35 6
35 2
35 6
35 6
35 2
35 6
35 15
35 6
35 2
35 13
35 2
35 6
35 2
35 2
35 4
35 15
35 14
35 6
35 13
35 6
35 15
35 2
35 2
35 2
35 13
35 11
35 15
35 2
35 2
35 6
35 13
35 3
35 3
35 6
35 0
35 14
36 17
36 2
36 18
36 14
36 6
36 16
36 6
36 2
36 5
36 5
36 8
36 6
36 17
36 17
36 16
36 6
36 5
36 5
36 17
36 6
36 0
36 11
36 2
36 6
36 14
36 2
36 8
36 7
36 8
37 6
37 11
37 5
37 8
37 8
37 0
37 6
37 8
37 13
37 4
37 10
37 11
37 6
37 6
37 17
37 6
37 14
37 17
37 6
37 11
37 2
37 13
37 16
38 11
38 17
38 6
38 5
38 16
38 14
38 14
38 5
38 9
38 19
38 8
38 13
38 17
38 16
38 15
39 6
39 2
39 18
39 0
39 2
39 11
39 6
39 15
39 0
39 2
39 11
39 9
39 15
39 14
39 11
39 0
40 8
40 2
40 6
40 4
40 2
40 17
40 15
40 15
40 8
40 15
40 8
40 13
40 15
40 11
40 0
40 6
40 7
41 11
41 16
41 6
41 2
41 2
41 16
42 8
42 11
42 15
42 8
42 4
42 14
42 6
42 12
42 0
42 15
42 4
42 8
42 8
42 8
42 15
42 4
43 10
43 4
43 8
43 11
43 9
43 0
43 7
43 2
43 3
43 7
44 12
44 3
44 17
44 16
44 9
44 7
44 11
44 7
44 11
44 3
44 6
44 6
44 5
44 8
45 11
45 11
45 3
45 11
45 14
45 12
45 17
45 0
45 7
45 17
45 2
45 7
45 7
45 8
45 15
45 2
45 17
45 7
45 13
46 3
46 3
46 8
46 12
46 9
46 14
46 6
46 8
46 2
46 19
46 16
46 17
46 11
46 15
46 6
46 4
46 9
46 14
47 3
47 8
47 8
47 16
47 15
47 8
47 11
47 8
47 7
47 2
47 0
47 8
47 10
47 9
47 10
47 7
48 16
48 3
48 5
48 9
48 17
48 4
48 15
48 5
48 3
48 15
48 7
48 14
48 16
48 7
48 2
48 13
48 11
48 14
48 8
49 10
49 3
49 8
49 7
49 19
49 6
49 14
49 8
49 6
49 17
49 13
49 10
49 16
49 14
49 9
49 18
49 13
49 4
49 17
49 15
49 6
49 4
49 16
50 14
50 3
50 4
50 9
50 15
50 2
50 8
50 8
50 9
50 12
50 4
50 14
50 3
50 8
50 16
50 6
50 9
50 19
50 3
50 11
50 13
50 14
50 8
50 8
50 8
51 9
51 8
51 2
51 17
51 7
51 11
51 0
51 3
51 6
51 7
51 13
51 4
51 8
51 13
51 10
51 8
51 7
51 10
51 4
51 17
51 9
51 3
51 10
51 14
51 6
51 15
51 7
51 7
52 16
52 3
52 16
52 17
52 17
52 8
52 4
52 17
52 2
52 8
52 9
52 0
52 7
52 2
52 16
52 6
52 3
52 17
52 15
52 14
52 2
52 8
52 3
52 6
52 8
52 3
52 2
52 9
52 17
52 6
52 7
53 3
53 15
53 7
53 2
53 8
53 7
53 3
53 2
53 7
53 6
53 15
53 14
53 14
53 15
53 2
53 7
53 7
53 7
53 17
53 9
53 17
53 4
53 3
53 3
53 8
53 16
53 14
53 7
53 7
53 6
53 9
53 8
53 8
53 3
54 9
54 9
54 8
54 9
54 15
54 7
54 7
54 3
54 14
54 3
54 19
54 3
54 15
54 4
54 9
54 8
54 15
54 17
54 16
54 6
54 7
54 3
54 6
54 14
54 7
54 4
54 4
54 14
54 4
54 15
54 3
54 15
54 8
54 7
54 3
54 14
54 7
54 4
54 8
54 10
54 8
55 8
55 13
55 0
55 14
55 3
55 16
55 7
55 6
55 9
55 9
55 6
55 2
55 15
55 6
55 4
55 17
55 3
55 3
55 13
55 3
55 9
55 1
55 10
55 16
55 15
55 9
55 16
55 4
55 9
55 12
55 0
55 7
55 3
55 3
55 17
55 8
55 4
55 9
55 3
55 15
55 9
55 3
55 4
55 8
55 8
55 17
55 15
56 10
56 3
56 16
56 4
56 13
56 9
56 12
56 6
56 2
56 7
56 17
56 15
56 11
56 16
56 3
56 16
56 17
56 17
56 17
56 7
56 2
56 3
56 8
56 14
56 7
56 6
56 14
56 8
56 15
56 14
56 4
56 4
56 10
56 14
56 16
56 13
56 7
56 7
56 7
56 2
56 8
56 0
56 16
56 8
56 10
56 0
56 15
56 8
56 5
56 10
56 10
56 17
56 4
56 10
56 9
56 16
56 5
56 7
56 16
56 9
56 8
56 12
57 15
57 12
57 16
57 7
57 14
57 0
57 3
57 14
57 14
57 2
57 13
57 16
57 8
57 4
57 10
57 7
57 10
57 15
57 17
57 8
57 11
57 7
57 15
57 4
57 9
57 2
57 8
57 0
57 16
57 11
57 0
57 14
57 15
57 16
57 16
57 15
57 8
57 16
57 13
57 4
57 14
57 16
57 15
57 3
57 13
57 2
57 13
57 17
57 1
57 3
57 13
57 0
57 8
57 7
57 7
57 8
57 14
57 19
57 0
57 3
57 8
57 8
57 6
57 18
57 0
57 2
57 7
57 11
57 8
57 9
57 17
57 5
57 17
58 0
58 17
58 5
58 4
58 8
58 7
58 7
58 11
58 0
58 16
58 6
58 9
58 3
58 14
58 9
58 7
58 8
58 17
58 10
58 0
58 13
58 3
58 17
58 7
58 17
58 15
58 7
58 17
58 4
58 12
58 10
58 10
58 13
58 8
58 7
58 6
58 13
58 16
58 16
58 3
58 6
58 11
58 2
58 8
58 17
58 10
58 16
58 10
58 14
58 9
58 7
58 5
58 2
58 6
58 16
58 10
58 6
58 10
58 14
58 17
58 10
58 7
58 2
58 11
58 19
58 6
58 2
58 14
58 16
58 14
58 17
58 8
58 14
58 10
58 1
58 0
58 17
58 14
58 16
58 3
58 8
58 13
58 10
58 4
58 10
58 2
58 16
58 14
58 17
58 2
58 4
58 6
58 7
58 8
58 10
58 16
58 14
58 7
58 7
59 7
59 13
59 14
59 1
59 17
59 8
59 4
59 16
59 3
59 13
59 17
59 6
59 11
59 3
59 7
59 14
59 19
59 17
59 13
59 8
59 14
59 17
59 15
59 7
59 13
59 2
59 10
59 14
59 7
59 7
59 10
59 8
59 0
59 10
59 4
59 13
59 2
59 13
59 0
59 13
59 13
59 3
59 13
59 8
59 14
59 13
59 6
59 14
59 8
59 16
59 1
59 11
59 7
59 15
59 1
59 6
59 16
59 8
59 8
59 17
59 19
59 12
59 6
59 14
59 18
59 8
59 6
59 16
59 2
59 16
59 14
59 3
59 10
59 14
59 6
59 10
59 18
59 17
59 6
59 19
59 0
59 13
59 0
59 9
59 18
59 10
59 14
59 17
59 16
60 17
60 14
60 8
60 19
60 2
60 10
60 3
60 6
60 15
60 7
60 17
60 7
60 3
60 1
60 17
60 10
60 17
60 10
60 8
60 7
60 10
60 14
60 13
60 3
60 10
60 9
60 13
60 17
60 10
60 0
60 8
60 13
60 13
60 7
60 7
60 7
60 11
60 2
60 7
60 11
60 15
60 9
60 17
60 9
60 15
60 3
60 13
60 0
60 0
60 14
60 16
60 19
60 8
60 8
60 16
60 14
60 13
60 2
60 7
60 17
60 13
60 8
60 13
60 7
60 6
60 3
60 8
60 3
60 19
60 14
60 17
60 12
60 10
60 4
60 1
60 4
60 2
60 0
60 13
60 7
60 15
60 0
60 3
60 15
60 14
60 2
60 10
60 12
60 4
60 3
60 10
60 7
60 16
60 7
60 8
60 17
60 17
60 17
60 17
61 8
61 10
61 13
61 1
61 8
61 3
61 7
61 17
61 2
61 10
61 13
61 17
61 7
61 13
61 9
61 7
61 10
61 17
61 7
61 8
61 8
61 10
61 8
61 6
61 0
61 8
61 3
61 17
61 14
61 12
61 3
61 16
61 12
61 17
61 17
61 0
61 16
61 0
61 3
61 12
61 13
61 3
61 16
61 2
61 7
61 16
61 16
61 8
61 9
61 17
61 0
61 3
61 17
61 12
61 14
61 13
61 7
61 17
61 2
61 7
61 8
61 2
61 17
61 11
61 10
61 14
61 13
61 18
61 7
61 0
61 4
61 9
61 16
61 4
61 7
61 16
61 17
61 13
61 7
61 0
61 13
61 17
61 8
61 17
61 8
61 17
61 16
61 9
61 18
61 2
61 1
61 13
61 17
61 16
61 15
61 19
61 10
61 11
61 8
61 4
61 0
61 8
61 19
61 7
61 0
61 16
61 17
61 15
61 1
61 7
61 2
62 17
62 11
62 11
62 13
62 8
62 18
62 11
62 17
62 6
62 16
62 5
62 5
62 7
62 9
62 4
62 16
62 8
62 6
62 16
62 13
62 8
62 10
62 14
62 10
62 8
62 9
62 16
62 17
62 12
62 7
62 2
62 7
62 14
62 13
62 19
62 7
62 4
62 1
62 7
62 8
62 13
62 11
62 3
62 17
62 14
62 4
62 11
62 8
62 6
62 0
62 16
62 1
62 16
62 17
62 1
62 6
62 14
62 10
62 11
62 17
62 3
62 17
62 8
62 17
62 11
62 17
62 12
62 10
62 13
62 15
62 6
62 10
62 18
62 14
62 11
62 11
62 14
62 0
62 9
62 14
62 17
62 14
62 16
62 0
62 17
62 4
62 1
62 19
62 6
62 6
62 5
62 7
62 17
62 8
62 1
62 1
62 0
62 8
62 11
62 2
62 17
62 13
62 17
62 17
62 6
62 3
63 2
63 18
63 8
63 13
63 17
63 3
63 10
63 16
63 3
63 8
63 6
63 14
63 11
63 16
63 0
63 14
63 13
63 10
63 0
63 2
63 7
63 13
63 17
63 2
63 8
63 16
63 14
63 8
63 15
63 17
63 10
63 2
63 18
63 13
63 13
63 7
63 10
63 7
63 8
63 1
63 7
63 10
63 14
63 13
63 14
63 16
63 13
63 17
63 2
63 16
63 17
63 17
63 0
63 17
63 11
63 16
63 0
63 3
63 14
63 16
63 1
63 13
63 7
63 10
63 17
63 7
63 7
63 8
63 3
63 8
63 2
63 17
63 7
63 0
63 7
63 17
63 17
63 8
63 17
63 16
63 18
63 4
63 12
63 0
63 3
63 11
63 14
63 0
63 10
63 0
63 7
63 13
63 10
63 13
63 17
63 9
63 19
63 14
63 13
63 1
63 14
63 12
63 14
63 1
64 2
64 1
64 3
64 1
64 16
64 1
64 8
64 16
64 11
64 16
64 12
64 17
64 2
64 3
64 1
64 16
64 17
64 11
64 6
64 19
64 10
64 2
64 2
64 7
64 16
64 15
64 17
64 17
64 7
64 11
64 13
64 8
64 15
64 7
64 7
64 17
64 10
64 3
64 7
64 8
64 1
64 1
64 3
64 14
64 0
64 17
64 3
64 10
64 14
64 6
64 17
64 17
64 5
64 6
64 7
64 1
64 7
64 16
64 8
64 3
64 2
64 17
64 6
64 8
64 3
64 8
64 4
64 0
64 9
64 5
64 17
64 10
64 17
64 0
64 13
64 11
64 17
64 1
64 13
64 6
64 1
64 13
64 8
64 11
64 3
64 7
64 3
64 7
64 0
64 7
64 9
64 1
64 17
64 19
64 4
64 11
64 2
64 11
64 3
64 19
64 16
64 0
64 14
64 4
65 17
65 17
65 16
65 14
65 0
65 8
65 8
65 17
65 0
65 2
65 17
65 0
65 8
65 10
65 8
65 7
65 15
65 8
65 17
65 0
65 8
65 13
65 13
65 1
65 1
65 17
65 4
65 11
65 7
65 9
65 2
65 8
65 16
65 16
65 4
65 18
65 8
65 6
65 2
65 17
65 17
65 14
65 3
65 7
65 7
65 4
65 4
65 1
65 14
65 13
65 14
65 0
65 0
65 2
65 16
65 2
65 18
65 13
65 1
65 15
65 9
65 0
65 14
65 13
65 0
65 11
65 13
65 12
65 14
65 2
65 17
65 13
65 17
65 3
65 0
65 0
65 17
65 14
65 5
65 1
65 10
65 4
65 8
65 14
65 7
65 2
66 0
66 3
66 7
66 13
66 17
66 6
66 6
66 15
66 0
66 18
66 7
66 3
66 7
66 16
66 2
66 13
66 11
66 17
66 10
66 15
66 10
66 4
66 7
66 17
66 13
66 8
66 13
66 0
66 13
66 7
66 6
66 8
66 13
66 2
66 10
66 13
66 2
66 0
66 4
66 10
66 17
66 11
66 16
66 0
66 17
66 8
66 13
66 2
66 11
66 8
66 8
66 13
66 19
66 13
66 14
66 11
66 16
66 1
66 11
66 17
66 17
66 0
66 13
66 18
66 17
66 0
66 17
66 14
66 14
66 16
66 0
66 8
66 0
66 13
66 13
66 11
66 9
66 6
66 16
66 3
66 8
66 2
66 7
66 16
66 7
66 17
67 2
67 6
67 17
67 17
67 13
67 17
67 0
67 13
67 13
67 13
67 17
67 3
67 7
67 15
67 2
67 13
67 1
67 7
67 0
67 16
67 3
67 8
67 16
67 8
67 14
67 11
67 16
67 2
67 2
67 19
67 8
67 17
67 0
67 13
67 0
67 17
67 13
67 5
67 1
67 2
67 17
67 0
67 17
67 17
67 0
67 16
67 0
67 17
67 0
67 7
67 2
67 8
67 14
67 7
67 0
67 3
67 12
67 17
67 8
67 4
67 10
67 9
67 13
67 13
67 10
67 5
67 9
67 9
67 8
67 13
67 0
67 14
67 9
67 2
67 1
67 7
67 0
67 3
67 6
67 15
67 8
67 17
67 13
67 17
67 14
67 2
67 6
68 13
68 13
68 14
68 0
68 5
68 18
68 17
68 8
68 7
68 17
68 0
68 2
68 8
68 8
68 8
68 3
68 12
68 1
68 7
68 8
68 8
68 11
68 13
68 1
68 6
68 18
68 13
68 4
68 17
68 8
68 13
68 9
68 16
68 17
68 0
68 9
68 1
68 0
68 18
68 13
68 14
68 15
68 1
68 2
68 16
68 17
68 8
68 16
68 3
68 13
68 14
68 8
68 2
68 1
68 1
68 3
68 16
68 17
68 13
68 8
68 2
68 8
68 14
68 13
68 0
68 10
68 12
68 1
68 8
68 13
68 8
68 3
68 1
68 17
68 7
68 17
68 17
69 0
69 6
69 7
69 4
69 8
69 5
69 6
69 5
69 0
69 9
69 0
69 0
69 17
69 2
69 2
69 8
69 7
69 17
69 11
69 7
69 0
69 14
69 1
69 7
69 16
69 9
69 13
69 6
69 8
69 15
69 7
69 11
69 17
69 14
69 11
69 4
69 16
69 8
69 4
69 3
69 7
69 8
69 8
69 13
69 14
69 6
69 12
69 13
69 2
69 1
69 1
69 17
69 19
69 3
69 13
69 7
69 9
69 4
69 14
69 8
69 1
69 0
69 17
69 8
69 2
69 4
69 7
69 1
69 9
69 11
69 15
69 14
69 10
69 17
69 8
69 16
69 12
69 13
69 14
69 10
70 13
70 0
70 8
70 9
70 3
70 7
70 15
70 10
70 1
70 8
70 17
70 11
70 2
70 17
70 13
70 7
70 5
70 2
70 14
70 6
70 12
70 1
70 14
70 7
70 8
70 19
70 3
70 10
70 0
70 9
70 13
70 13
70 13
70 14
70 4
70 11
70 17
70 17
70 13
70 8
70 9
70 14
70 2
70 13
70 17
70 0
70 6
70 1
70 16
70 19
70 13
70 10
70 13
70 1
70 17
70 13
70 11
70 14
70 10
70 0
70 14
70 14
70 14
70 14
70 1
70 2
70 1
70 18
70 0
70 16
70 8
70 8
70 18
70 14
70 15
70 2
70 17
70 8
70 8
70 14
70 15
71 16
71 10
71 7
71 10
71 8
71 1
71 11
71 13
71 1
71 15
71 3
71 4
71 8
71 16
71 6
71 1
71 17
71 13
71 13
71 0
71 0
71 1
71 7
71 1
71 7
71 3
71 8
71 14
71 13
71 1
71 13
71 13
71 0
71 9
71 14
71 7
71 18
71 14
71 0
71 9
71 0
71 1
71 13
71 3
71 8
71 15
71 11
71 9
71 7
71 8
71 2
71 7
71 6
71 6
71 9
71 13
71 0
71 0
71 1
71 18
71 13
71 17
71 11
71 10
71 6
71 6
71 7
71 10
72 0
72 3
72 1
72 14
72 4
72 8
72 14
72 7
72 14
72 7
72 7
72 1
72 0
72 11
72 8
72 10
72 11
72 8
72 17
72 17
72 14
72 16
72 1
72 13
72 15
72 17
72 13
72 0
72 8
72 8
72 14
72 17
72 13
72 0
72 8
72 4
72 1
72 16
72 16
72 1
72 3
72 13
72 5
72 9
72 1
72 14
72 6
72 1
72 1
72 8
72 4
72 11
72 7
72 4
72 9
72 1
72 11
72 0
72 9
72 13
72 13
72 10
72 11
72 17
72 0
72 0
72 3
72 1
72 3
72 5
72 11
72 5
72 11
73 14
73 13
73 8
73 1
73 0
73 0
73 11
73 9
73 14
73 8
73 11
73 4
73 14
73 14
73 17
73 1
73 8
73 4
73 17
73 17
73 14
73 7
73 14
73 8
73 14
73 17
73 3
73 6
73 13
73 2
73 1
73 1
73 9
73 9
73 6
73 11
73 1
73 13
73 19
73 3
73 9
73 15
73 16
73 10
73 8
73 3
73 2
73 6
73 1
73 10
73 13
73 13
73 8
73 0
73 15
73 1
73 7
73 5
73 14
73 8
73 1
73 7
73 9
73 8
73 2
73 13
73 1
73 9
73 10
73 3
73 11
73 4
73 0
73 0
73 9
73 14
73 15
73 12
73 2
73 2
73 17
74 0
74 15
74 1
74 13
74 14
74 14
74 16
74 10
74 3
74 0
74 8
74 19
74 13
74 17
74 13
74 11
74 10
74 1
74 8
74 5
74 17
74 0
74 15
74 1
74 10
74 12
74 10
74 0
74 7
74 5
74 11
74 10
74 0
74 11
74 13
74 16
74 1
74 14
74 8
74 8
74 14
74 10
74 0
74 0
74 2
74 10
74 17
74 11
74 17
74 10
74 17
74 17
74 10
74 1
74 15
74 17
74 14
74 13
74 7
74 16
74 5
74 2
74 2
74 0
74 16
74 12
74 8
74 10
74 10
74 1
74 10
74 8
74 8
74 4
74 7
74 14
74 8
74 13
74 7
75 4
75 1
75 8
75 2
75 8
75 16
75 8
75 0
75 0
75 8
75 1
75 1
75 17
75 13
75 17
75 6
75 7
75 13
75 1
75 0
75 17
75 14
75 10
75 13
75 4
75 3
75 9
75 10
75 16
75 11
75 3
75 1
75 15
75 0
75 0
75 7
75 17
75 13
75 0
75 3
75 0
75 0
75 17
75 17
75 14
75 1
75 13
75 6
75 9
75 4
75 15
75 0
75 10
75 16
75 13
75 4
75 4
75 10
75 5
75 10
75 16
75 4
75 13
75 1
75 11
75 12
75 13
75 3
75 0
75 10
75 17
75 14
75 17
75 13
75 7
75 4
75 11
75 1
75 11
75 1
75 0
75 14
75 9
75 8
76 13
76 3
76 1
76 8
76 14
76 11
76 10
76 4
76 11
76 8
76 11
76 0
76 13
76 13
76 13
76 15
76 17
76 14
76 9
76 1
76 1
76 14
76 2
76 9
76 2
76 13
76 17
76 1
76 14
76 13
76 10
76 17
76 8
76 13
76 13
76 0
76 13
76 4
76 16
76 1
76 17
76 2
76 8
76 17
76 13
76 7
76 0
76 3
76 12
76 14
76 14
76 9
76 15
76 13
76 12
76 1
76 5
76 11
76 1
76 8
76 4
76 2
76 17
76 15
76 14
76 10
76 9
76 1
76 17
76 4
76 1
76 10
76 16
76 1
76 13
76 1
76 2
76 8
76 8
76 10
77 13
77 1
77 4
77 0
77 1
77 0
77 18
77 13
77 14
77 2
77 17
77 14
77 1
77 17
77 9
77 9
77 14
77 1
77 17
77 14
77 16
77 4
77 14
77 1
77 0
77 2
77 10
77 8
77 6
77 13
77 5
77 15
77 0
77 10
77 7
77 4
77 13
77 1
77 17
77 8
77 8
77 14
77 1
77 6
77 17
77 7
77 10
77 4
77 13
77 7
77 13
77 13
77 1
77 4
77 16
77 16
77 11
77 7
77 19
77 17
77 19
77 11
77 11
77 13
77 5
77 0
77 10
77 8
77 1
77 14
77 17
77 13
77 11
77 0
77 17
77 16
78 1
78 13
78 4
78 10
78 8
78 0
78 17
78 13
78 13
78 13
78 0
78 17
78 11
78 7
78 4
78 8
78 13
78 11
78 0
78 1
78 4
78 17
78 3
78 9
78 6
78 13
78 17
78 0
78 12
78 1
78 3
78 15
78 8
78 4
78 10
78 17
78 13
78 0
78 1
78 14
78 15
78 0
78 17
78 4
78 16
78 1
78 17
78 16
78 13
78 0
78 13
78 10
78 2
78 13
78 9
78 13
78 13
78 17
78 5
78 0
78 3
78 10
78 16
78 8
78 10
78 0
78 3
78 13
78 0
78 10
78 1
78 13
78 13
78 8
78 0
78 0
78 0
78 0
78 0
78 13
78 10
78 13
78 11
79 13
79 19
79 13
79 6
79 17
79 1
79 2
79 6
79 17
79 15
79 0
79 14
79 10
79 0
79 17
79 14
79 1
79 13
79 9
79 6
79 3
79 9
79 8
79 14
79 6
79 7
79 11
79 14
79 15
79 9
79 16
79 14
79 10
79 1
79 14
79 8
79 16
79 12
79 0
79 7
79 15
79 8
79 17
79 0
79 13
79 1
79 9
79 9
79 0
79 8
79 8
79 8
79 4
79 9
79 3
79 11
79 13
79 10
79 1
79 9
79 14
79 0
79 13
79 6
79 13
79 7
79 1
79 8
79 1
79 13
79 11
79 14
79 17
79 1
79 6
79 16
79 0
79 15
79 0
79 1
79 8
79 10
79 3
