0 35
0 39
0 5
0 38
0 4
0 38
0 24
0 32
0 13
0 1
0 14
0 4
0 41
0 41
0 33
0 38
0 2
0 1
0 27
0 35
0 13
0 7
0 2
0 11
0 27
0 14
0 33
0 33
0 41
0 2
0 19
0 12
0 2
0 2
0 19
0 3
0 2
0 10
0 22
0 9
0 38
0 12
0 21
0 25
0 19
0 7
0 3
0 20
0 37
0 16
0 13
0 13
0 9
0 1
0 38
0 2
0 24
0 15
0 2
0 24
0 36
0 45
0 4
0 8
0 20
0 33
0 48
0 27
0 1
0 19
0 20
0 2
0 11
0 18
0 1
0 24
0 7
0 24
0 13
0 9
0 24
0 27
0 24
0 27
0 32
0 37
0 32
0 20
0 32
0 2
0 9
0 13
0 0
0 38
0 33
0 43
0 19
0 19
0 35
0 49
0 20
0 2
0 2
0 10
0 31
0 2
0 32
0 1
0 22
0 37
0 2
0 2
0 13
0 19
0 35
0 20
0 2
0 1
0 2
0 46
0 13
0 13
0 12
0 25
0 23
0 10
0 24
0 2
0 45
0 33
0 20
0 2
0 13
0 9
0 2
0 3
0 14
0 2
0 19
0 35
0 33
0 2
0 16
0 16
0 1
0 13
0 33
0 2
0 32
0 28
0 12
0 32
0 33
0 19
0 1
0 19
0 20
0 20
0 2
0 45
0 0
0 24
0 13
0 33
0 2
0 22
0 9
0 24
0 19
0 14
0 13
0 28
0 33
0 43
0 32
0 9
0 39
0 13
0 1
0 19
0 2
0 19
0 13
0 24
0 1
0 1
0 13
0 2
0 31
0 20
0 32
0 49
0 11
0 38
0 24
0 33
0 1
0 9
0 12
0 13
0 25
0 11
0 19
0 2
0 38
0 20
0 19
0 33
0 1
0 37
0 9
0 32
0 25
0 2
0 19
0 27
0 13
0 0
0 9
0 5
0 25
0 20
0 9
0 25
0 19
0 33
0 2
0 0
0 1
0 8
0 24
0 1
0 19
0 7
0 0
0 12
0 32
0 9
0 41
0 13
0 3
0 3
0 32
0 38
0 41
0 10
0 24
0 11
0 19
0 20
0 31
0 45
0 20
0 24
0 33
0 49
0 10
0 0
0 32
0 49
0 13
0 0
0 46
0 3
0 12
0 41
0 8
0 20
0 19
0 13
0 35
0 19
0 20
0 38
0 33
0 24
0 9
0 33
0 9
0 20
0 2
0 12
0 49
0 1
0 1
0 19
0 24
0 12
0 19
0 45
0 1
0 14
0 21
0 2
0 38
0 37
0 5
0 24
0 10
0 9
0 27
0 20
0 48
0 18
0 38
0 1
0 20
0 33
0 20
0 19
0 1
0 25
0 0
0 25
0 39
0 2
0 32
0 35
0 41
0 12
0 7
0 8
0 24
0 14
0 16
0 19
0 28
0 19
0 13
0 22
0 9
0 19
0 1
0 11
0 18
0 13
0 9
0 33
0 35
0 19
0 1
0 19
0 25
0 45
0 9
0 1
0 9
0 36
0 1
0 31
0 1
0 21
0 22
0 1
0 9
0 20
0 9
0 0
0 2
0 11
0 9
0 25
0 3
0 0
0 20
0 8
0 43
0 9
0 19
0 1
0 45
0 14
0 13
0 13
0 4
0 25
0 24
0 23
0 8
0 1
0 21
0 16
0 10
0 3
0 35
0 11
0 31
0 23
0 9
0 8
0 13
0 1
0 24
0 19
0 21
0 14
0 49
0 6
0 11
0 15
0 24
0 11
0 16
0 19
0 21
0 12
0 0
0 9
0 38
0 9
0 2
0 13
0 31
0 31
0 9
0 13
0 14
0 38
0 20
0 13
0 12
0 21
0 18
0 37
0 22
0 37
0 2
0 1
0 16
0 7
0 20
0 12
0 19
0 35
0 2
0 4
0 0
0 10
0 32
0 18
0 20
0 20
0 20
0 10
0 12
0 23
0 19
0 9
0 25
0 2
0 38
0 21
0 32
0 19
0 19
0 27
0 25
0 33
0 0
0 7
0 35
0 38
0 1
0 13
0 32
0 39
0 19
0 4
0 33
0 3
0 1
0 9
0 11
0 13
0 24
0 1
0 8
0 25
0 14
0 16
0 14
0 32
0 7
0 19
0 32
0 19
0 2
0 24
0 10
0 0
0 33
0 1
0 38
0 20
0 27
0 35
0 24
0 20
0 21
0 19
0 11
0 18
0 9
0 40
0 13
0 35
0 19
0 20
0 45
0 21
0 2
0 14
0 7
0 43
0 48
0 1
0 33
0 41
0 43
0 13
0 1
0 39
0 2
0 7
0 9
0 8
0 11
0 9
0 0
0 13
0 19
0 40
0 19
0 7
0 20
0 19
0 18
0 1
0 48
0 33
0 7
0 1
0 38
0 36
0 19
0 20
0 20
0 5
0 38
0 4
0 13
0 9
0 13
0 3
0 11
0 24
0 19
0 21
0 24
0 9
0 19
0 38
0 25
0 32
0 7
0 25
0 2
0 13
0 19
0 9
0 2
0 46
0 4
0 10
0 43
0 0
0 25
0 23
0 3
0 7
0 41
0 24
0 27
0 19
0 24
0 2
0 33
0 2
0 20
0 2
0 9
0 4
0 16
0 4
0 22
0 2
0 45
0 38
0 2
0 8
0 0
0 23
0 33
0 3
0 33
0 9
0 32
0 12
0 20
0 33
0 19
0 27
0 1
0 2
0 36
0 13
0 25
0 24
0 32
0 11
0 21
0 24
0 0
0 19
0 32
0 0
0 2
0 33
0 21
0 9
0 20
0 38
0 4
0 9
0 28
0 42
0 22
0 1
0 19
0 27
0 33
0 38
0 31
0 24
0 5
0 22
0 9
0 2
0 3
0 10
0 4
0 1
0 46
0 1
0 9
0 38
0 41
0 10
0 38
0 2
0 13
0 13
0 19
0 2
0 11
0 13
0 27
0 16
0 32
0 1
0 13
0 32
0 31
0 2
0 12
0 39
0 19
0 3
0 13
0 3
0 21
0 19
0 24
0 0
0 5
0 24
0 19
0 24
0 9
0 20
0 9
0 24
0 2
0 14
0 27
0 16
0 33
0 10
0 7
0 49
0 13
0 24
0 18
0 49
0 5
0 13
0 31
0 5
0 21
0 13
0 2
0 32
0 9
0 24
0 24
0 37
0 8
0 23
0 4
0 20
0 32
0 13
0 24
0 21
0 13
0 13
0 2
0 20
0 33
0 7
0 46
0 19
0 20
0 8
0 20
0 10
0 38
0 24
0 7
0 8
0 22
0 3
0 31
0 12
0 41
0 45
0 32
0 19
0 9
0 13
0 12
0 27
0 19
0 0
0 2
0 8
0 45
0 31
0 27
0 1
0 10
0 12
0 2
0 37
0 43
0 28
0 21
0 9
0 37
0 33
0 25
0 9
0 27
0 24
0 0
0 2
0 20
0 13
0 0
0 2
0 9
0 1
0 31
0 20
0 32
0 1
0 33
0 2
0 27
0 45
0 13
0 19
0 27
0 19
0 9
0 22
0 2
0 1
0 4
0 43
0 41
0 13
0 25
0 19
0 28
0 2
0 33
0 27
0 10
0 22
0 33
0 1
0 16
0 24
0 38
0 33
0 7
0 13
0 9
0 31
0 13
0 31
0 48
0 24
0 3
0 0
0 25
0 1
0 19
0 4
0 27
0 32
0 14
0 37
0 13
0 24
0 24
0 8
0 27
0 19
0 23
0 13
0 28
0 32
0 9
0 37
0 38
0 3
0 31
0 13
0 14
0 4
0 21
0 22
0 27
0 12
0 13
0 41
0 9
0 28
0 25
0 32
0 21
0 2
0 7
0 20
0 19
0 9
0 19
0 19
0 9
0 7
0 33
0 1
0 39
0 13
0 19
0 33
0 13
0 24
0 4
0 4
0 22
0 9
0 5
0 0
0 24
0 27
0 12
0 27
0 37
0 13
0 12
0 20
0 48
0 4
0 20
0 32
0 27
0 35
0 27
0 9
0 19
0 1
0 27
0 7
0 46
0 38
0 25
0 13
0 4
0 13
0 31
0 9
0 19
0 2
0 13
0 19
0 10
0 2
0 24
0 19
0 31
0 7
0 32
0 20
0 28
0 33
0 9
0 43
0 37
0 49
0 13
0 1
0 2
0 19
0 19
0 0
0 9
0 20
0 32
0 24
0 33
0 10
0 13
0 9
0 0
0 24
0 12
0 37
0 35
0 20
0 10
0 20
0 31
0 24
0 2
0 39
0 25
0 24
0 45
0 9
0 19
0 22
0 2
0 13
0 13
0 12
0 22
0 9
0 2
0 2
0 2
0 8
0 19
0 35
0 19
0 2
0 19
0 32
0 31
0 2
0 24
0 22
0 8
0 16
0 24
0 2
0 13
0 0
0 23
0 32
0 12
0 10
0 16
0 5
0 19
0 9
0 27
0 19
0 7
0 7
0 33
0 9
0 43
0 19
0 37
0 12
0 24
0 20
0 33
0 35
0 3
0 0
0 45
0 19
0 37
0 16
0 20
0 13
0 37
0 18
0 13
0 32
0 12
0 24
0 3
0 13
0 32
0 32
0 19
0 8
0 19
0 4
0 33
0 9
0 13
0 19
0 12
0 31
0 38
0 24
0 38
0 11
0 27
0 9
0 19
0 10
0 2
0 33
0 3
0 13
0 9
0 2
0 37
0 9
0 19
0 38
0 9
0 4
0 4
0 13
0 2
0 1
0 19
0 24
0 19
0 27
0 27
0 27
0 27
0 38
0 19
0 3
0 9
0 20
0 33
0 13
0 20
0 24
0 21
0 7
0 13
0 20
0 24
0 13
0 32
0 14
0 7
0 8
0 2
0 27
0 10
0 8
0 24
0 2
0 12
0 13
0 20
0 4
0 21
0 0
0 2
0 19
0 2
0 2
0 19
0 33
0 23
0 9
0 14
0 31
0 9
0 32
0 19
0 19
0 39
0 33
0 24
0 2
0 0
0 41
0 8
0 46
0 10
0 25
0 33
0 2
0 32
0 2
0 9
0 33
0 27
0 20
0 1
0 19
0 33
0 4
0 13
0 11
0 31
0 3
0 32
0 12
0 5
0 12
0 5
0 24
0 14
0 2
0 12
0 23
0 13
0 14
0 16
0 19
0 10
0 9
0 13
0 24
0 3
0 38
0 0
0 28
0 22
0 24
0 2
0 2
0 4
0 27
0 2
0 24
0 39
0 11
0 37
0 2
0 20
0 12
0 6
0 10
0 12
0 10
0 38
0 12
0 21
0 37
0 9
0 13
0 9
0 24
0 19
0 16
0 2
0 1
0 33
0 24
0 9
0 19
0 37
0 28
0 9
0 45
0 20
0 5
0 2
0 20
0 2
0 35
0 19
0 19
0 37
0 24
0 20
0 2
0 33
0 9
0 24
0 2
0 11
0 10
0 37
0 37
0 23
0 16
0 8
0 32
0 32
0 2
0 1
0 49
0 24
0 24
0 41
0 32
0 9
0 20
0 22
0 19
0 37
0 35
0 33
0 22
0 19
0 9
0 9
0 19
0 28
0 31
0 8
0 22
0 19
0 15
0 25
0 9
0 27
0 2
0 11
0 12
0 32
0 19
0 1
0 24
0 32
0 24
0 2
0 7
0 27
0 2
0 12
0 8
0 32
0 33
0 20
0 21
0 9
0 8
0 43
0 4
0 2
0 20
0 32
0 28
0 11
0 28
0 19
0 19
0 19
0 7
0 2
0 33
0 31
0 20
0 24
0 25
0 2
0 49
0 3
0 4
0 31
0 1
0 1
0 38
0 22
0 10
0 16
0 35
0 33
0 21
0 2
0 31
0 19
0 14
0 32
0 33
0 2
0 9
0 19
0 20
0 19
0 21
0 9
0 4
0 43
0 9
0 4
0 22
0 16
0 1
0 37
0 32
0 33
0 16
0 12
0 41
0 0
0 13
0 7
0 22
0 2
0 11
0 7
0 2
0 27
0 27
0 22
0 0
0 24
0 25
0 31
0 22
0 0
0 2
0 32
0 22
0 32
0 28
0 2
0 39
0 7
0 32
0 21
0 19
0 36
0 8
0 10
0 18
0 1
0 10
0 32
0 10
0 5
0 10
0 14
0 2
0 19
0 8
0 24
0 13
0 46
0 2
0 2
0 19
0 38
0 9
0 11
0 21
0 19
0 20
0 33
0 49
0 37
0 16
0 19
0 2
0 8
0 14
0 13
0 9
0 43
0 0
0 19
0 2
0 2
0 25
0 13
0 43
0 19
0 41
0 3
0 35
0 45
0 27
0 16
0 28
0 49
0 19
0 0
0 45
0 19
0 17
0 19
0 19
0 21
0 36
0 2
0 19
0 9
0 9
0 14
0 33
0 20
0 27
0 33
0 18
0 2
0 14
0 2
0 32
0 20
0 14
0 22
0 9
0 14
0 32
0 12
0 22
0 20
0 14
0 12
0 13
0 13
0 33
0 19
0 32
0 27
0 27
0 33
0 24
0 1
0 25
0 18
0 19
0 35
0 7
0 11
0 22
0 8
0 3
0 31
0 20
0 16
0 10
0 24
0 0
0 32
0 33
0 9
0 4
0 20
0 12
0 10
0 24
0 2
0 19
0 12
0 2
0 39
0 21
0 2
0 43
0 22
0 7
0 35
0 3
0 12
0 13
0 43
0 0
0 19
0 3
0 9
0 32
0 20
0 12
0 33
0 8
0 23
0 22
0 25
0 19
0 20
0 2
0 3
0 13
0 39
0 36
0 19
0 0
0 2
0 12
0 4
0 8
0 19
0 19
0 19
0 5
0 25
0 4
0 0
0 2
0 21
0 8
0 13
0 21
0 19
0 22
0 19
0 35
0 27
0 2
0 35
0 3
0 35
0 25
0 24
0 45
0 16
0 19
0 19
0 33
0 41
0 9
0 20
0 27
0 19
0 33
0 10
0 18
0 3
0 12
0 19
0 9
0 23
0 31
0 19
0 19
0 13
0 10
0 0
0 43
0 12
0 14
0 31
0 37
0 14
0 0
0 8
0 2
0 19
0 33
0 20
0 0
0 3
0 14
0 2
0 1
0 22
0 11
0 38
0 35
0 25
0 33
0 33
0 12
0 37
0 2
0 2
0 0
0 22
0 19
0 13
0 20
0 37
0 32
0 20
0 27
0 13
0 45
0 1
0 24
0 5
0 8
0 9
0 1
0 1
0 25
0 28
0 33
0 12
0 0
0 27
0 19
0 19
0 39
0 1
0 32
0 13
0 5
0 37
0 12
0 19
0 12
0 2
0 2
0 43
0 38
0 2
0 14
0 2
0 3
0 41
0 0
0 13
0 11
0 49
0 33
0 1
0 12
0 2
0 0
0 43
0 9
0 33
0 12
0 46
0 33
0 12
0 9
0 31
0 16
0 18
0 33
0 19
0 31
0 8
0 32
0 19
0 33
0 9
0 12
0 10
0 2
0 25
0 16
0 35
0 2
0 32
0 11
0 19
0 39
0 10
0 45
0 16
0 13
0 35
0 2
0 2
0 19
0 4
0 9
0 1
0 32
0 25
0 27
0 2
0 15
0 20
0 32
0 24
0 16
0 36
0 19
0 2
0 33
0 2
0 3
0 31
0 33
0 21
0 24
0 1
0 49
0 24
0 0
0 7
0 13
0 2
0 2
0 32
0 12
0 0
0 11
0 4
0 38
0 19
0 21
0 46
0 31
0 4
0 24
0 24
0 37
0 23
0 32
0 24
0 7
0 21
0 19
0 33
0 40
0 24
0 49
0 11
0 21
0 21
0 2
0 38
0 33
0 24
0 31
0 4
0 21
0 9
0 39
0 41
0 33
0 14
0 25
0 21
0 2
0 2
0 12
0 10
0 2
0 32
0 19
0 31
0 14
0 14
0 43
0 2
0 10
0 13
0 14
0 33
0 35
0 32
0 43
0 8
0 11
0 13
0 25
0 13
0 9
0 24
0 32
0 43
0 32
0 4
0 24
0 2
0 27
0 45
0 11
0 4
0 17
0 27
0 12
0 33
0 19
0 35
0 19
0 19
0 1
0 33
0 1
0 10
0 19
0 33
0 45
0 21
0 33
0 25
0 33
0 20
0 32
0 20
0 45
0 32
0 19
0 9
0 43
0 31
0 2
0 33
0 27
0 10
0 4
0 19
0 22
0 4
0 32
0 21
0 4
0 1
0 20
0 32
0 19
0 28
0 38
0 33
0 19
0 33
0 14
0 20
0 32
0 1
0 33
0 10
0 13
0 19
0 33
0 32
0 19
0 41
0 19
0 41
0 32
0 38
0 19
0 13
0 45
0 46
0 37
0 33
0 4
0 1
0 4
0 10
0 31
0 3
0 1
0 33
0 0
0 2
0 1
0 2
0 19
0 2
0 24
0 19
0 20
0 19
0 33
0 19
0 19
0 1
0 32
0 19
0 2
0 1
0 0
0 1
0 19
0 20
0 20
0 12
0 22
0 37
0 19
0 14
0 4
0 3
0 19
0 1
0 37
0 2
0 14
0 25
0 31
0 12
0 11
0 0
0 12
0 21
0 0
0 23
0 0
0 20
0 38
0 22
0 16
0 19
0 1
0 20
0 37
0 32
0 19
0 33
0 38
0 9
0 11
0 43
0 7
0 33
0 33
0 21
0 33
0 14
0 45
0 5
0 2
0 1
0 41
0 49
0 25
0 32
0 38
0 27
0 24
0 24
0 19
0 4
0 10
0 7
0 20
0 24
0 19
0 0
0 3
0 41
0 11
0 0
0 1
0 46
0 24
0 2
0 35
0 9
0 35
0 24
0 33
0 3
0 43
0 1
0 3
0 33
0 45
0 0
0 8
0 2
0 22
0 13
0 33
0 32
0 35
0 19
0 0
0 24
0 3
0 24
0 9
0 27
0 32
0 38
0 41
0 2
0 33
0 14
0 25
0 35
0 13
0 22
0 27
0 19
0 12
0 2
0 19
0 19
0 2
0 23
0 0
0 11
0 31
0 7
0 33
0 38
0 19
0 37
0 8
0 10
0 4
0 19
0 49
0 33
0 1
0 2
0 33
0 0
0 41
0 32
0 4
0 27
0 10
0 0
0 10
0 3
0 2
0 27
0 24
0 2
0 33
0 0
0 2
0 24
0 13
0 24
0 0
0 3
0 5
0 20
0 32
0 25
0 2
0 33
0 19
0 25
0 21
0 2
0 24
0 1
0 19
0 32
0 21
0 11
0 10
0 19
0 21
0 43
0 21
0 19
0 23
0 21
0 38
0 35
0 12
0 24
0 31
0 24
0 19
0 1
0 24
0 24
0 35
0 38
0 2
0 19
0 13
0 20
0 21
0 37
0 0
0 11
0 2
0 25
0 32
0 33
0 33
0 31
0 24
0 12
0 3
0 33
0 31
0 37
0 28
0 1
0 20
0 14
0 10
0 3
0 32
0 20
0 35
0 31
0 19
0 1
0 19
0 1
0 19
0 19
0 0
0 7
0 12
0 19
0 0
0 2
0 33
0 24
0 9
0 7
0 21
0 4
0 12
0 2
0 12
0 33
0 13
0 2
0 32
0 9
0 41
0 7
0 4
0 4
0 25
0 31
0 19
0 14
0 33
0 0
0 35
0 35
0 33
0 19
0 24
0 2
0 2
0 10
0 33
0 22
0 32
0 26
0 7
0 45
0 3
0 2
0 13
0 33
0 19
0 43
0 20
0 1
0 24
0 21
0 19
0 19
0 35
0 2
0 5
0 32
0 2
0 38
0 13
0 33
0 2
0 32
0 32
0 33
0 24
0 2
0 31
0 3
0 35
0 1
0 0
0 4
0 19
0 32
0 43
0 19
0 10
0 0
0 4
0 11
0 19
0 10
0 46
0 8
0 21
0 25
0 3
0 7
0 22
0 32
0 32
0 19
0 38
0 12
0 20
0 42
0 21
0 22
0 8
0 20
0 0
0 33
0 31
0 25
0 19
0 28
0 32
0 18
0 2
0 21
0 31
0 1
0 19
0 41
0 32
0 2
0 7
0 7
0 33
0 9
0 33
0 32
0 9
0 17
0 19
0 19
0 27
0 33
0 41
0 19
0 33
0 16
0 28
0 8
0 2
0 27
0 27
0 32
0 9
0 19
0 2
0 30
0 31
0 9
0 2
0 7
0 33
0 1
0 8
0 9
0 32
0 13
0 49
0 32
0 21
0 45
0 26
0 13
0 19
0 24
0 14
0 10
0 38
0 43
0 30
0 12
0 27
0 39
0 4
0 24
0 14
0 22
0 2
0 27
0 10
0 33
0 2
0 0
0 23
0 33
0 49
0 19
0 8
0 16
0 28
0 19
0 7
0 9
0 35
0 32
0 38
0 37
0 20
0 3
0 37
0 8
0 43
0 33
0 14
0 41
0 45
0 12
0 24
0 19
0 33
0 19
0 4
0 8
0 4
0 19
0 0
0 33
0 25
0 32
0 32
0 19
0 24
0 33
0 11
0 41
0 1
0 20
0 24
0 11
0 32
0 43
0 38
0 9
0 2
0 8
0 19
0 3
0 10
0 32
0 1
0 3
0 21
0 27
0 12
0 24
0 32
0 32
0 27
0 5
0 35
0 12
0 32
0 19
0 13
0 3
0 19
0 19
0 16
0 2
0 33
0 20
0 19
0 20
0 2
0 2
0 19
0 2
0 2
0 19
0 7
0 31
0 22
0 16
0 32
0 27
0 0
0 2
0 1
0 46
0 33
0 4
0 22
0 14
0 2
0 43
0 32
0 49
0 32
0 41
0 9
0 49
0 2
0 24
0 37
0 35
0 19
0 22
0 22
0 2
0 27
0 27
0 41
0 1
0 27
0 18
0 12
0 19
0 20
0 19
0 19
0 24
0 41
0 10
0 35
0 7
0 41
0 8
0 12
0 9
0 43
0 32
0 33
0 19
0 5
0 27
0 21
0 0
0 25
0 0
0 16
0 22
0 32
0 32
0 2
0 2
0 14
0 20
0 4
0 18
0 2
0 12
0 27
0 28
0 33
0 10
0 19
0 43
0 4
0 32
0 9
0 12
0 25
0 0
0 35
0 14
0 33
0 0
0 1
0 14
0 19
0 43
0 9
0 38
0 46
0 14
0 31
0 2
0 4
0 39
0 2
0 31
0 12
0 0
0 43
0 4
0 0
0 12
0 24
0 8
0 33
0 10
0 33
0 9
0 12
0 3
0 31
0 14
0 33
0 10
0 32
0 7
0 2
0 33
0 40
0 9
0 14
0 28
0 32
0 31
0 5
0 9
0 27
0 27
0 22
0 10
0 0
0 43
0 4
0 32
0 9
0 32
0 10
0 19
0 45
0 33
0 33
0 0
0 14
0 27
0 4
0 20
0 0
0 32
0 24
0 49
0 0
0 7
0 38
0 0
0 33
0 14
0 43
0 38
0 21
0 19
0 1
0 22
0 27
0 33
0 43
0 24
0 13
0 24
0 3
0 19
0 38
0 1
0 45
0 0
0 18
0 1
0 12
0 22
0 21
0 8
0 35
0 9
0 3
0 13
0 2
0 32
0 22
0 20
0 20
0 19
0 22
0 10
0 14
0 19
0 19
0 12
0 24
0 2
0 33
0 35
0 2
0 24
0 19
0 3
0 19
0 19
0 12
0 12
0 13
0 21
0 37
0 33
0 37
0 13
0 0
0 23
0 24
0 12
0 1
0 2
0 8
0 4
0 45
0 18
0 9
0 22
0 38
0 39
0 7
0 9
0 10
0 9
0 13
0 4
0 25
0 7
0 19
0 22
0 38
0 24
0 1
0 9
0 12
0 24
0 26
0 22
0 13
0 0
0 5
0 24
0 1
0 21
0 10
0 7
0 1
0 14
0 39
0 0
0 1
0 33
0 10
0 2
0 22
0 2
0 14
0 19
0 12
0 1
0 0
0 38
0 14
0 2
0 20
0 0
0 36
0 19
0 13
0 19
0 31
0 3
0 27
0 2
0 22
0 41
0 16
0 1
0 37
0 19
0 2
0 24
0 9
0 25
0 16
0 10
0 32
0 19
0 19
0 8
0 11
0 20
0 32
0 10
0 1
0 31
0 33
0 13
0 19
0 0
0 27
0 2
0 9
0 1
0 12
0 24
0 2
0 28
0 33
0 41
0 2
0 19
0 1
0 20
0 20
0 31
0 4
0 21
0 43
0 35
0 24
0 9
0 33
0 13
0 22
0 2
0 19
0 13
0 1
0 32
0 0
0 14
0 31
0 35
0 33
0 42
0 37
0 8
0 19
0 0
0 0
0 27
0 22
0 24
0 32
0 37
0 2
0 32
0 33
0 2
0 19
0 33
0 24
0 8
0 33
0 19
0 2
0 18
0 28
0 19
0 31
0 22
0 19
0 36
0 33
0 49
0 0
0 43
0 2
0 9
0 14
0 33
0 21
0 3
0 24
0 45
0 14
0 27
0 20
0 10
0 5
0 18
0 31
0 5
0 2
0 19
0 4
0 24
0 8
0 2
0 19
0 37
0 24
0 2
0 3
0 35
0 24
0 16
0 0
0 31
0 3
0 20
0 23
0 6
0 33
0 22
0 19
0 25
0 2
0 22
0 0
0 4
0 49
0 43
0 24
0 46
0 41
0 3
0 2
0 32
0 13
0 0
0 19
0 35
0 12
0 14
0 4
0 22
0 4
0 33
0 25
0 8
0 35
0 24
0 47
0 33
0 12
0 14
0 43
0 11
0 21
0 27
0 39
0 2
0 21
0 22
0 10
0 10
0 9
0 12
0 24
0 22
0 21
0 7
0 37
0 2
0 7
0 13
0 38
0 19
0 9
0 10
0 27
0 31
0 36
0 24
0 38
0 32
0 15
0 39
0 13
0 33
0 2
0 19
0 4
0 25
0 16
0 10
0 24
0 8
0 10
0 27
0 32
0 10
0 12
0 1
0 4
0 3
0 21
0 24
0 12
0 24
0 11
0 8
0 0
0 27
0 38
0 19
0 38
0 13
0 18
0 39
0 27
0 2
0 37
0 45
0 33
0 0
0 19
0 31
0 13
0 38
0 24
0 41
0 1
0 33
0 39
0 33
0 24
0 12
0 12
0 13
0 37
0 38
0 8
0 45
0 3
0 14
0 22
0 38
0 35
0 1
0 41
0 11
0 4
0 37
0 35
0 13
0 38
0 4
0 38
0 27
0 25
0 38
0 10
0 12
0 33
0 31
0 10
0 0
0 2
0 9
0 12
0 32
0 32
0 45
0 41
0 14
0 22
0 38
0 1
0 38
0 26
0 19
0 14
0 23
0 3
0 27
0 24
0 37
0 38
0 31
0 37
0 18
0 8
0 19
0 2
0 38
0 33
0 19
0 43
0 2
0 22
0 10
0 9
0 28
0 23
0 31
0 38
0 38
0 38
0 0
0 12
0 5
0 19
0 19
0 7
0 27
0 0
0 24
0 19
0 0
0 24
0 14
0 3
0 16
0 12
0 38
0 32
0 2
0 7
0 39
0 19
0 10
0 0
0 38
0 21
0 11
0 38
0 21
0 43
0 4
0 33
0 32
0 7
0 11
0 38
0 20
0 32
0 20
0 38
0 0
0 10
0 21
0 8
0 9
0 23
0 1
0 10
0 24
0 9
0 25
0 31
0 12
0 35
0 12
0 3
0 19
0 33
0 10
0 0
0 30
0 46
0 13
0 2
0 2
0 0
0 2
0 22
0 4
0 20
0 22
0 1
0 24
0 9
0 37
0 35
0 19
1 31
1 20
1 4
1 2
1 38
1 33
1 20
1 2
1 45
1 24
1 19
1 16
1 8
1 38
1 1
1 33
1 16
1 38
1 13
1 16
1 4
1 24
1 16
1 37
1 24
1 46
1 32
1 11
1 0
1 31
1 13
1 0
1 0
1 27
1 16
1 0
1 24
1 20
1 22
1 2
1 24
1 12
1 0
1 4
1 32
1 2
1 27
1 4
1 19
1 32
1 32
1 45
1 10
1 13
1 35
1 24
1 20
1 20
1 19
1 33
1 24
1 19
1 38
1 39
1 4
1 32
1 0
1 10
1 32
1 32
1 1
1 24
1 45
1 32
1 40
1 32
1 21
1 13
1 32
1 31
1 19
1 22
1 14
1 18
1 31
1 25
1 19
1 10
1 9
1 38
1 4
1 33
1 12
1 8
1 28
1 2
1 27
1 8
1 35
1 8
1 22
1 25
1 19
1 22
1 28
1 19
1 3
1 20
1 37
1 27
1 21
1 10
1 13
1 39
1 7
1 33
1 2
1 14
1 15
1 21
1 2
1 32
1 9
1 4
1 12
1 10
1 20
1 21
1 21
1 2
1 1
1 40
1 43
1 24
1 27
1 10
1 27
1 22
1 19
1 10
1 33
1 2
1 49
1 16
1 12
1 37
1 8
1 21
1 24
1 1
1 19
1 38
1 2
1 8
1 0
1 2
1 15
1 12
1 35
1 24
1 0
1 35
1 10
1 46
1 35
1 5
1 33
1 2
1 20
1 2
1 22
1 16
1 48
1 22
1 2
1 13
1 2
1 45
1 4
1 3
1 3
1 25
1 33
1 3
1 21
1 22
1 31
1 33
1 3
1 10
1 37
1 3
1 14
1 9
1 0
1 21
1 14
1 22
1 3
1 23
1 31
1 0
1 27
1 19
1 27
1 33
1 10
1 0
1 13
1 12
1 0
1 4
1 48
1 1
1 20
1 31
1 12
1 27
1 3
1 12
1 20
1 14
1 17
1 25
1 19
1 38
1 33
1 12
1 45
1 21
1 19
1 14
1 33
1 33
1 3
1 12
1 41
1 30
1 19
1 19
1 3
1 41
1 4
1 10
1 32
1 40
1 39
1 31
1 21
1 38
1 26
1 43
1 43
1 8
1 20
1 21
1 5
1 10
1 10
1 2
1 18
1 45
1 21
1 10
1 19
1 8
1 27
1 31
1 31
1 7
1 32
1 32
1 31
1 4
1 12
1 31
1 19
1 38
1 10
1 12
1 38
1 39
1 16
1 9
1 1
1 11
1 22
1 25
1 15
1 0
1 10
1 32
1 2
1 12
1 5
1 32
1 32
1 19
1 2
1 35
1 27
1 0
1 39
1 4
1 33
1 12
1 14
1 2
1 8
1 10
1 13
1 5
1 37
1 10
1 7
1 9
1 31
1 14
1 21
1 19
1 9
1 3
1 21
1 24
1 22
1 31
1 11
1 0
1 40
1 22
1 3
1 27
1 22
1 4
1 12
1 35
1 39
1 8
1 32
1 21
1 32
1 25
1 16
1 22
1 35
1 37
1 8
1 22
1 21
1 16
1 32
1 3
1 45
1 10
1 38
1 37
1 16
1 39
1 32
1 31
1 10
1 19
1 0
1 27
1 8
1 10
1 2
1 16
1 8
1 37
1 10
1 24
1 0
1 21
1 24
1 32
1 22
1 38
1 0
1 9
1 21
1 10
1 10
1 21
1 17
1 12
1 21
1 10
1 12
1 49
1 4
1 24
1 12
1 19
1 28
1 22
1 16
1 9
1 2
1 10
1 0
1 3
1 10
1 13
1 46
1 31
1 14
1 2
1 31
1 39
1 0
1 16
1 2
1 22
1 10
1 10
1 7
1 39
1 9
1 22
1 10
1 22
1 32
1 9
1 9
1 12
1 8
1 10
1 23
1 21
1 39
1 10
1 40
1 38
1 32
1 19
1 32
1 18
1 10
1 0
1 18
1 3
1 0
1 22
1 10
1 45
1 0
1 0
1 24
1 31
1 3
1 24
1 8
1 32
1 0
1 16
1 11
1 31
1 13
1 10
1 35
1 32
1 24
1 10
1 32
1 10
1 24
1 24
1 8
1 43
1 16
1 32
1 37
1 22
1 10
1 24
1 35
1 8
1 10
1 38
1 0
1 10
1 43
1 10
1 24
1 24
1 39
1 18
1 20
1 8
1 12
1 39
1 32
1 31
1 0
1 13
1 39
1 10
1 45
1 33
1 21
1 24
1 21
1 39
1 31
1 16
1 27
1 21
1 31
1 38
1 16
1 19
1 38
1 22
1 4
1 0
1 39
1 12
1 31
1 8
1 37
1 17
1 10
1 10
1 21
1 22
1 19
1 17
1 0
1 27
1 13
1 0
1 39
1 8
1 0
1 0
1 32
1 37
1 39
1 27
1 0
1 8
1 40
1 13
1 3
1 40
1 10
1 8
1 17
1 13
1 10
1 32
1 39
1 0
1 13
1 12
1 0
1 19
1 38
1 32
1 24
1 37
1 8
1 31
1 39
1 39
1 31
1 8
1 10
1 8
1 21
1 19
1 31
1 8
1 21
1 0
1 3
1 10
1 35
1 39
1 19
1 39
1 10
1 0
1 31
1 0
1 19
1 38
1 10
1 0
1 31
1 39
1 19
1 37
1 37
1 8
1 24
1 7
1 9
1 0
1 23
1 35
1 0
1 32
1 39
1 0
1 6
1 40
1 22
1 39
1 22
1 24
1 32
1 8
1 6
1 40
1 22
1 0
1 2
1 38
1 31
1 8
1 25
1 0
1 12
1 13
1 12
1 39
1 38
1 6
1 12
1 22
1 2
1 8
1 38
1 33
1 3
1 45
1 38
1 39
1 8
1 24
1 39
1 35
1 24
1 39
1 11
1 0
1 33
1 43
1 45
1 24
1 8
1 40
1 32
1 16
1 16
1 6
1 18
1 48
1 38
1 19
1 24
1 32
1 10
1 8
1 0
1 17
1 2
1 21
1 11
1 8
1 10
1 2
1 0
1 38
1 18
1 10
1 25
1 21
1 24
1 12
1 0
1 45
1 3
1 0
1 24
1 46
1 10
1 22
1 10
1 22
1 19
1 16
1 11
1 2
1 8
1 13
1 11
1 32
1 8
1 31
1 0
1 32
1 22
1 38
1 10
1 12
1 16
1 16
1 39
1 5
1 2
1 10
1 41
1 12
1 12
1 12
1 10
1 16
1 11
1 41
1 12
1 21
1 18
1 2
1 37
1 0
1 27
1 4
1 15
1 7
1 9
1 32
1 15
1 4
1 21
1 4
1 38
1 27
1 8
1 45
1 40
1 35
1 38
1 38
1 37
1 38
1 35
1 42
1 24
1 2
1 4
1 24
1 0
1 13
1 37
1 12
1 10
1 21
1 9
1 4
1 19
1 37
1 27
1 43
1 5
1 28
1 7
1 8
1 22
1 0
1 26
1 32
1 9
1 21
1 10
1 0
1 3
1 18
1 35
1 27
1 43
1 7
1 13
1 10
1 12
1 45
1 22
1 4
1 31
1 14
1 12
1 45
1 18
1 20
1 37
2 13
2 27
2 6
2 5
2 9
2 41
2 46
2 40
2 27
2 46
2 4
2 35
2 32
2 4
2 21
2 19
2 21
2 16
2 12
2 20
2 27
2 22
2 4
2 48
2 45
2 25
2 12
2 8
2 22
2 19
2 20
2 32
2 25
2 18
2 23
2 33
2 16
2 22
2 3
2 45
2 16
2 13
2 25
2 27
2 3
2 18
2 10
2 0
2 4
2 12
2 18
2 36
2 41
2 35
2 27
2 43
2 32
2 8
2 5
2 48
2 27
2 38
2 14
2 25
2 12
2 43
2 43
2 18
2 43
2 0
2 9
2 7
2 38
2 24
2 27
2 45
2 4
2 19
2 3
2 43
2 14
2 20
2 22
2 4
2 20
2 16
2 9
2 18
2 7
2 20
2 25
2 8
2 46
2 37
2 4
2 32
2 37
2 32
2 9
2 9
2 7
2 3
2 43
2 0
2 7
2 18
2 14
2 4
2 31
2 43
2 39
2 37
2 9
2 3
2 25
2 31
2 43
2 27
2 8
2 43
2 27
2 31
2 5
2 9
2 39
2 4
2 27
2 10
2 4
2 31
2 22
2 43
2 37
2 0
2 4
2 8
2 46
2 35
2 25
2 16
2 0
2 37
2 4
2 37
2 43
2 28
2 22
2 3
2 27
2 37
2 12
2 13
2 35
2 37
2 4
2 39
2 15
2 12
2 43
2 7
2 18
2 18
2 38
2 18
2 46
2 13
2 37
2 27
2 16
2 27
2 48
2 27
2 10
2 3
2 18
2 4
2 10
2 24
2 13
2 39
2 4
2 27
2 39
2 16
2 4
2 3
2 3
2 25
2 3
2 10
2 27
2 31
2 43
2 4
2 37
2 16
2 4
2 16
2 22
2 20
2 12
2 12
2 33
2 2
2 25
2 27
2 32
2 4
2 8
2 5
2 15
2 46
2 0
2 46
2 0
2 3
2 22
2 7
2 27
2 33
2 37
2 18
2 1
2 20
2 13
2 10
2 5
2 13
2 41
2 5
2 15
2 24
2 37
2 27
2 25
2 9
2 22
2 41
2 5
2 37
2 16
2 5
2 27
2 16
2 35
2 43
2 9
2 46
2 11
2 27
2 32
2 16
2 19
2 18
2 5
2 8
2 31
2 43
2 43
2 10
2 11
2 32
2 27
2 32
2 22
2 9
2 9
2 43
2 0
2 27
2 12
2 35
2 4
2 8
2 35
2 12
2 10
2 16
2 3
2 28
2 11
2 16
2 32
2 19
2 37
2 37
2 4
2 0
2 12
2 24
2 32
2 12
2 20
2 2
2 10
2 12
2 40
2 23
2 20
2 24
2 16
2 20
2 18
2 13
2 40
2 13
2 32
2 5
2 43
2 36
2 10
2 42
2 32
2 4
2 16
2 2
2 27
2 25
2 25
2 0
2 14
2 13
2 43
2 3
2 20
2 4
2 20
2 46
2 22
2 43
2 21
2 4
2 10
2 3
2 18
2 31
2 43
2 2
2 32
2 38
2 2
2 16
2 10
2 32
2 32
2 46
2 12
2 13
2 19
2 3
2 16
2 32
2 46
2 37
2 14
2 21
2 33
2 9
2 49
2 27
2 19
2 14
2 43
2 43
2 43
2 43
2 25
2 48
2 2
2 7
2 43
2 43
2 39
2 17
2 2
2 21
2 4
2 38
2 12
2 18
2 9
2 6
2 9
2 24
2 9
2 40
2 18
2 12
2 4
2 4
2 21
2 2
2 32
2 8
2 28
2 7
2 25
2 18
2 4
2 12
2 22
2 11
2 2
2 19
2 27
2 24
2 7
2 43
2 46
2 4
2 9
2 41
2 5
2 20
2 11
2 19
2 43
2 37
2 39
2 19
2 32
2 32
2 25
2 45
2 38
2 31
2 12
2 22
2 23
2 32
2 20
2 25
2 5
2 13
2 40
2 21
2 39
2 13
2 20
2 8
2 20
2 35
2 22
2 20
2 4
2 0
2 38
2 48
2 39
2 31
2 35
2 32
2 7
2 24
2 22
2 25
2 20
2 49
2 2
2 9
2 25
2 13
2 7
2 43
2 19
2 20
2 41
2 23
2 16
2 13
2 35
2 22
2 16
2 3
2 8
2 4
2 12
2 20
2 32
2 35
2 4
2 43
2 4
2 19
2 25
2 1
2 9
2 12
2 16
2 32
2 37
2 19
2 9
2 46
2 38
2 25
2 4
2 25
2 15
2 9
2 19
2 12
2 16
2 9
2 10
2 4
2 19
2 31
2 20
2 7
2 37
2 4
2 20
2 12
2 24
2 20
2 3
2 33
2 0
2 33
2 11
2 19
2 33
2 27
2 19
2 12
2 25
2 19
2 8
2 25
2 43
2 13
2 1
2 38
2 4
2 10
2 29
2 39
2 32
2 22
2 22
2 24
2 15
2 36
2 8
2 35
2 17
2 12
2 46
2 32
2 21
2 13
2 16
2 37
2 11
2 41
2 8
2 20
2 17
2 9
2 45
2 48
2 14
2 14
2 2
2 18
2 17
2 45
2 35
2 24
2 13
2 24
2 31
2 12
2 42
2 0
2 20
2 7
2 8
2 10
2 4
2 9
2 4
2 27
2 1
2 43
2 20
2 9
2 11
2 12
2 4
2 20
2 35
2 33
2 37
2 20
2 15
2 33
2 24
2 11
2 14
2 22
2 19
2 33
2 4
2 4
2 4
2 38
2 31
2 37
2 38
2 46
2 18
2 43
2 5
2 46
2 27
2 33
2 2
2 2
2 35
2 32
2 48
2 12
2 12
2 32
2 7
2 19
2 31
2 13
2 24
2 19
2 12
2 33
2 37
2 8
2 7
2 22
2 37
2 15
2 35
2 22
2 5
2 11
2 16
2 1
2 3
2 31
2 2
2 33
2 37
2 10
2 14
2 37
2 10
2 41
2 0
2 20
2 36
2 3
2 7
2 20
2 7
2 13
2 4
2 12
2 22
2 9
2 9
2 9
2 22
2 20
2 14
2 1
2 22
2 7
2 4
2 22
2 16
2 23
2 14
2 24
2 4
2 33
2 18
2 4
2 20
2 22
2 37
2 22
2 43
2 20
2 43
2 8
2 2
2 43
2 27
2 9
2 35
2 5
2 27
2 13
2 15
2 22
2 22
2 24
2 32
2 2
2 7
2 5
2 19
2 27
2 32
2 0
2 13
2 13
2 32
2 43
2 5
2 43
2 2
2 27
2 43
2 5
2 7
2 14
2 4
2 9
2 0
2 4
2 22
2 31
2 9
2 38
2 23
2 16
2 14
2 23
2 4
2 2
2 41
2 18
2 13
2 3
2 43
2 32
2 9
2 33
2 4
2 2
2 14
2 22
2 12
2 9
2 43
2 22
2 32
2 18
2 17
2 0
2 1
2 19
2 24
2 32
2 10
2 48
2 20
2 24
2 43
2 41
2 2
2 12
2 48
2 13
2 14
2 43
2 9
2 10
2 1
2 4
2 0
2 9
2 38
2 38
2 33
2 43
2 30
2 38
2 22
2 46
2 32
2 6
2 6
2 4
2 41
2 28
2 32
2 4
2 8
2 13
2 19
2 7
2 20
2 25
2 20
2 43
2 18
2 32
2 9
2 5
2 4
2 31
2 4
2 25
2 14
2 48
2 13
2 3
2 1
2 4
2 12
2 19
2 11
2 25
2 22
2 16
2 3
2 21
2 22
2 8
2 2
2 32
2 1
2 32
2 43
2 1
2 39
2 35
2 20
2 38
2 43
2 37
2 9
2 43
2 9
2 38
2 22
2 36
2 11
2 19
2 10
2 39
2 20
2 23
2 16
2 21
2 11
2 25
2 2
2 18
2 25
2 9
2 16
2 43
2 2
2 9
2 3
2 1
2 42
2 45
2 39
2 40
2 4
2 24
2 38
2 1
2 1
2 2
2 43
2 21
2 31
2 9
2 14
2 22
2 43
2 8
2 27
2 0
2 30
2 22
2 19
2 22
2 37
2 23
2 32
2 27
2 12
2 8
2 35
2 38
2 32
2 2
2 41
2 33
2 20
2 2
2 0
2 4
2 33
2 9
2 0
2 12
2 13
2 25
2 43
2 10
2 9
2 20
2 0
2 17
2 14
2 19
2 4
2 20
2 4
2 12
2 1
2 4
2 20
2 41
2 33
2 25
2 32
2 14
2 22
2 31
2 32
2 9
2 9
2 2
2 22
2 38
2 32
2 2
2 27
2 35
2 9
2 49
2 33
2 4
2 23
2 9
2 4
2 37
2 22
2 37
2 35
2 21
2 22
2 37
2 2
2 37
2 24
2 43
2 43
2 22
2 32
2 40
2 3
2 36
2 2
2 27
2 38
2 16
2 2
2 20
2 24
2 13
2 33
2 20
2 14
2 9
2 28
2 26
2 31
2 19
2 1
2 25
2 5
2 35
2 1
2 31
2 49
2 27
2 1
2 32
2 1
2 12
2 32
2 38
2 13
2 5
2 9
2 31
2 27
2 1
2 13
2 9
2 21
2 45
2 26
2 20
2 31
2 0
2 4
2 13
2 10
2 9
2 24
2 4
2 38
2 19
2 12
2 10
2 4
2 13
2 9
2 20
2 37
2 4
2 12
2 49
2 1
2 27
2 16
2 2
2 24
2 7
2 23
2 25
2 8
2 9
2 22
2 40
2 45
2 4
2 1
2 37
2 13
2 22
2 27
2 31
2 24
2 8
2 12
2 27
2 12
2 3
2 2
2 28
2 46
2 9
2 20
2 22
2 2
2 14
2 38
2 9
2 49
2 33
2 8
2 1
2 33
2 22
2 38
2 27
2 4
2 7
2 13
2 2
2 4
2 5
2 1
2 22
2 48
2 28
2 21
2 31
2 21
2 27
2 26
2 32
2 2
2 7
2 3
2 9
2 9
2 13
2 25
2 2
2 35
2 43
2 22
2 24
2 0
2 9
2 2
2 12
2 20
2 43
2 13
2 10
2 12
2 9
2 2
2 12
2 33
2 19
2 1
2 1
2 9
2 41
2 38
2 37
2 5
2 31
2 43
2 32
2 32
2 3
2 17
2 22
2 8
2 21
2 24
2 9
2 16
2 27
2 37
2 4
2 16
2 3
2 1
2 16
2 32
2 7
2 2
2 2
2 31
2 13
2 16
2 17
2 19
2 49
2 10
2 18
2 2
2 25
2 33
2 14
2 38
2 33
2 5
2 35
2 0
2 9
2 19
2 43
2 37
2 2
2 2
2 9
2 25
2 6
2 1
2 11
2 3
2 43
2 16
2 4
2 10
2 2
2 7
2 4
2 19
2 9
2 8
2 39
2 3
2 2
2 17
2 43
2 27
2 4
2 32
2 31
2 33
2 38
2 9
2 20
2 3
2 20
2 41
2 4
2 24
2 14
2 43
2 14
2 2
2 19
2 43
2 39
2 22
2 33
2 21
2 20
2 14
2 0
2 2
2 16
2 20
2 9
2 21
2 32
2 2
2 22
2 4
2 33
2 31
2 11
2 12
2 12
2 19
2 26
2 14
2 35
2 11
2 13
2 1
2 11
2 22
2 24
2 2
2 19
2 17
2 24
2 2
2 9
2 31
2 31
2 32
2 14
2 43
2 24
2 33
2 19
2 21
2 5
2 8
2 13
2 7
2 12
2 0
2 4
2 13
2 37
2 22
2 45
2 8
2 9
2 43
2 14
2 24
2 2
2 19
2 19
2 19
2 9
2 37
2 4
2 10
2 21
2 19
2 1
2 13
2 14
2 32
2 27
2 43
2 32
2 43
2 16
2 21
2 13
2 0
2 31
2 26
2 12
2 9
2 20
2 19
2 2
2 22
2 33
2 40
2 49
2 31
2 9
2 2
2 24
2 9
2 2
2 43
2 2
2 9
2 14
2 4
2 31
2 7
2 25
2 37
2 24
2 7
2 5
2 22
2 22
2 16
2 20
2 18
2 19
2 33
2 20
2 40
2 18
2 5
2 12
2 19
2 2
2 25
2 18
2 31
2 1
2 4
2 2
2 37
2 8
2 46
2 22
2 9
2 19
2 9
2 35
2 45
2 8
2 19
2 19
2 16
2 24
2 6
2 17
2 9
2 12
2 4
2 9
2 2
2 0
2 43
2 22
2 43
2 27
2 36
2 49
2 37
2 12
2 12
2 38
2 33
2 1
2 39
2 30
2 33
2 41
2 9
2 12
2 19
2 15
2 32
2 22
2 14
2 18
2 1
2 24
2 39
2 19
2 25
2 10
2 1
2 31
2 32
2 22
2 7
2 32
2 37
2 19
2 25
2 12
2 16
2 1
2 1
2 27
2 13
2 24
2 33
2 12
2 0
2 12
2 25
2 33
2 2
2 23
2 15
2 1
2 7
2 33
2 12
2 27
2 49
2 9
2 37
2 9
2 22
2 24
2 46
2 4
2 16
2 22
2 6
2 8
2 40
2 2
2 18
2 2
2 2
2 9
2 0
2 31
2 7
2 4
2 22
2 38
2 43
2 2
2 41
2 1
2 37
2 32
2 18
2 19
2 8
2 35
2 46
2 37
2 11
2 24
2 7
2 38
2 41
2 43
2 12
2 28
2 7
2 13
2 22
2 22
2 33
2 25
2 39
2 36
2 33
2 21
2 1
2 1
2 22
2 48
2 27
2 33
2 4
2 5
2 16
2 25
2 43
2 1
2 2
2 22
2 22
2 0
2 3
2 37
2 1
2 15
2 38
2 10
2 35
2 20
2 24
2 12
2 13
2 36
2 33
2 25
2 20
2 19
2 2
2 35
2 18
2 37
2 4
2 10
2 20
2 1
2 12
2 24
2 38
2 31
2 22
2 33
2 37
2 6
2 31
2 25
2 8
2 36
2 1
2 41
2 4
2 12
2 26
2 7
2 20
2 2
2 5
2 19
2 19
2 19
2 25
2 3
2 38
2 22
2 9
2 19
2 43
2 18
2 16
2 0
2 33
2 9
2 2
2 45
2 1
2 32
2 48
2 19
2 20
2 14
2 1
2 9
2 19
2 38
2 41
2 20
2 2
2 35
2 16
2 25
2 25
2 49
2 31
2 1
2 17
2 2
2 43
2 12
2 12
2 17
2 35
2 46
2 31
2 22
2 22
2 7
2 35
2 46
2 32
2 20
2 37
2 11
2 12
2 1
2 38
2 33
2 1
2 46
2 37
2 28
2 22
2 32
2 46
2 1
2 24
2 33
2 19
2 2
2 2
2 1
2 13
2 1
2 37
2 27
2 12
2 7
2 33
2 1
2 33
2 19
2 19
2 15
2 35
2 4
2 30
2 7
2 2
2 18
2 2
2 1
2 14
2 7
2 4
2 46
2 38
2 5
2 4
2 12
2 0
2 13
2 39
2 8
2 18
2 19
2 2
2 2
2 1
2 23
2 19
2 24
2 38
2 20
2 39
2 8
2 4
2 20
3 2
3 27
3 49
3 25
3 3
3 12
3 25
3 4
3 35
3 4
3 43
3 1
3 24
3 38
3 43
3 20
3 21
3 43
3 24
3 9
3 25
3 32
3 49
3 33
3 10
3 9
3 19
3 2
3 22
3 12
3 35
3 9
3 19
3 2
3 12
3 3
3 1
3 32
3 32
3 49
3 27
3 33
3 40
3 18
3 49
3 25
3 39
3 1
3 1
3 12
3 16
3 21
3 4
3 3
3 15
3 49
3 38
3 2
3 28
3 33
3 33
3 20
3 38
3 22
3 2
3 2
3 27
3 1
3 7
3 40
3 38
3 6
3 21
3 16
3 19
3 4
3 1
3 14
3 2
3 21
3 18
3 16
3 4
3 38
3 3
3 35
3 25
3 24
3 1
3 22
3 41
3 22
3 24
3 25
3 37
3 35
3 43
3 16
3 43
3 27
3 8
3 33
3 21
3 1
3 1
3 18
3 5
3 45
3 38
3 49
3 19
3 26
3 37
3 18
3 46
3 13
3 20
3 12
3 7
3 0
3 8
3 1
3 23
3 19
3 14
3 12
3 2
3 10
3 1
3 4
3 6
3 35
3 22
3 1
3 4
3 18
3 12
3 10
3 33
3 49
3 18
3 20
3 7
3 38
3 16
3 2
3 24
3 18
3 25
3 10
3 5
3 21
3 21
3 24
3 14
3 10
3 1
3 19
3 25
3 25
3 32
3 20
3 37
3 2
3 12
3 15
3 19
3 9
3 33
3 38
3 20
3 49
3 43
3 6
3 9
3 2
3 10
3 1
3 23
3 36
3 20
3 2
3 37
3 40
3 21
3 11
3 24
3 45
3 33
3 13
3 1
3 25
3 22
3 12
3 25
3 20
3 2
3 2
3 0
3 20
3 22
3 38
3 22
3 20
3 24
3 22
3 23
3 49
3 16
3 43
3 35
3 33
3 4
3 32
3 6
3 0
3 0
3 14
3 32
3 36
3 12
3 20
3 20
3 49
3 20
3 12
3 12
3 41
3 4
3 25
3 12
3 33
3 37
3 3
3 1
3 43
3 31
3 22
3 32
3 43
3 2
3 14
3 35
3 1
3 1
3 22
3 19
3 24
3 8
3 43
3 19
3 1
3 2
3 24
3 25
3 11
3 19
3 3
3 25
3 18
3 23
3 32
3 38
3 37
3 1
3 10
3 2
3 2
3 4
3 9
3 33
3 2
3 27
3 2
3 14
3 9
3 24
3 25
3 1
3 33
3 45
3 18
3 28
3 10
3 2
3 20
3 13
3 33
3 3
3 3
3 20
3 40
3 23
3 32
3 3
3 19
3 1
3 11
3 5
3 14
3 7
3 24
3 11
3 24
3 25
3 22
3 14
3 43
3 3
3 38
3 49
3 38
3 29
3 2
3 35
3 28
3 12
3 19
3 27
3 1
3 12
3 25
3 38
3 11
3 28
3 11
3 43
3 38
3 2
3 33
3 19
3 33
3 10
3 9
3 25
3 5
3 1
3 1
3 25
3 21
3 28
3 31
3 33
3 24
3 1
3 25
3 19
3 20
3 24
3 12
3 33
3 19
3 2
3 33
3 41
3 32
3 1
3 9
3 0
3 12
3 24
3 33
3 4
3 2
3 27
3 36
3 25
3 25
3 28
3 10
3 19
3 36
3 1
3 6
3 21
3 1
3 12
3 16
3 31
3 24
3 10
3 35
3 23
3 28
3 1
3 22
3 3
3 1
3 20
3 13
3 1
3 19
3 1
3 31
3 43
3 43
3 11
3 33
3 1
3 3
3 2
3 1
3 24
3 30
3 19
3 25
3 0
3 9
3 16
3 1
3 9
3 28
3 15
3 35
3 1
3 22
3 35
3 32
3 41
3 35
3 1
3 2
3 0
3 11
3 12
3 8
3 33
3 6
3 10
3 2
3 20
3 13
3 16
3 19
3 1
3 22
3 43
3 22
3 31
3 1
3 39
3 24
3 4
3 11
3 3
3 19
3 4
3 19
3 33
3 1
3 16
3 32
3 32
3 11
3 43
3 26
3 24
3 26
3 38
3 11
3 14
3 40
3 2
3 20
3 22
3 1
3 25
3 24
3 19
3 21
3 2
3 24
3 32
3 1
3 19
3 28
3 11
3 43
3 20
3 24
3 33
3 33
3 14
3 2
3 24
3 11
3 4
3 16
3 12
3 19
3 38
3 14
3 1
3 3
3 9
3 44
3 18
3 39
3 19
3 24
3 2
3 5
3 1
3 27
3 31
3 22
3 28
3 20
3 9
3 14
3 2
3 49
3 35
3 3
3 2
3 24
3 3
3 13
3 1
3 9
3 32
3 33
3 2
3 33
3 20
3 31
3 19
3 5
3 19
3 33
3 24
3 6
3 24
3 37
3 20
3 13
3 12
3 11
3 2
3 37
3 14
3 2
3 20
3 1
3 14
3 19
3 22
3 2
3 24
3 2
3 2
3 2
3 19
3 20
3 33
3 11
3 33
3 48
3 33
3 45
3 24
3 1
3 0
3 0
3 22
3 10
3 2
3 35
3 20
3 2
3 22
3 25
3 1
3 19
3 18
3 45
3 27
3 28
3 4
3 35
3 8
3 4
3 38
3 35
3 46
3 5
3 13
3 25
3 20
3 1
3 16
3 22
3 13
3 15
3 2
3 37
3 10
3 22
3 24
3 24
3 19
3 1
3 28
3 18
3 2
3 43
3 22
3 22
3 16
3 5
3 37
3 38
3 19
3 20
3 49
3 28
3 25
3 24
3 19
3 45
3 19
3 4
3 1
3 4
3 1
3 19
3 21
3 25
3 24
3 1
3 8
3 32
3 2
3 46
3 24
3 1
3 12
3 11
3 37
