0 0 12
0 1 9
0 2 48
0 3 14
0 4 25
0 5 0
0 6 15
0 7 12
0 8 6
0 9 31
1 0 9
1 1 5
1 2 49
1 3 12
1 4 14
1 5 2
1 6 16
1 7 7
1 8 4
1 9 41
2 0 4
2 1 2
2 2 39
2 3 5
2 4 7
2 5 1
2 6 8
2 7 9
2 8 1
2 9 19
3 0 21
3 1 9
3 2 103
3 3 22
3 4 30
3 5 1
3 6 27
3 7 30
3 8 8
3 9 50
4 0 12
4 1 8
4 2 72
4 3 10
4 4 24
4 5 1
4 6 17
4 7 17
4 8 5
4 9 45
5 0 10
5 1 9
5 2 67
5 3 14
5 4 21
5 5 5
5 6 21
5 7 9
5 8 2
5 9 27
6 0 9
6 1 6
6 2 39
6 3 4
6 4 11
6 5 2
6 6 9
6 7 11
6 8 1
6 9 21
7 0 5
7 1 9
7 2 34
7 3 4
7 4 13
7 5 0
7 6 11
7 7 7
7 8 0
7 9 15
8 0 4
8 1 6
8 2 38
8 3 4
8 4 4
8 5 1
8 6 11
8 7 10
8 8 1
8 9 19
9 0 4
9 1 6
9 2 40
9 3 6
9 4 13
9 5 1
9 6 8
9 7 12
9 8 2
9 9 11
10 0 3
10 1 1
10 2 42
10 3 6
10 4 14
10 5 1
10 6 10
10 7 8
10 8 3
10 9 20
11 0 4
11 1 1
11 2 37
11 3 6
11 4 17
11 5 0
11 6 15
11 7 8
11 8 3
11 9 19
12 0 5
12 1 7
12 2 41
12 3 8
12 4 16
12 5 0
12 6 7
12 7 13
12 8 2
12 9 12
13 0 4
13 1 7
13 2 32
13 3 7
13 4 15
13 5 2
13 6 14
13 7 5
13 8 1
13 9 15
14 0 2
14 1 2
14 2 31
14 3 7
14 4 21
14 5 2
14 6 6
14 7 14
14 8 1
14 9 19
15 0 9
15 1 5
15 2 42
15 3 7
15 4 12
15 5 0
15 6 3
15 7 11
15 8 1
15 9 13
16 0 5
16 1 3
16 2 25
16 3 7
16 4 17
16 5 2
16 6 11
16 7 10
16 8 1
16 9 17
17 0 5
17 1 2
17 2 29
17 3 4
17 4 13
17 5 0
17 6 10
17 7 12
17 8 1
17 9 15
18 0 2
18 1 7
18 2 31
18 3 4
18 4 9
18 5 0
18 6 13
18 7 16
18 8 1
18 9 7
19 0 12
19 1 9
19 2 53
19 3 23
19 4 29
19 5 2
19 6 39
19 7 38
19 8 5
19 9 44
20 0 9
20 1 6
20 2 33
20 3 4
20 4 17
20 5 0
20 6 15
20 7 13
20 8 3
20 9 18
21 0 16
21 1 3
21 2 29
21 3 11
21 4 15
21 5 2
21 6 20
21 7 11
21 8 6
21 9 28
22 0 6
22 1 1
22 2 25
22 3 3
22 4 12
22 5 1
22 6 10
22 7 6
22 8 1
22 9 12
23 0 47
23 1 9
23 2 113
23 3 43
23 4 81
23 5 7
23 6 75
23 7 77
23 8 10
23 9 110
24 0 24
24 1 4
24 2 75
24 3 26
24 4 41
24 5 3
24 6 58
24 7 59
24 8 9
24 9 60
25 0 20
25 1 0
25 2 56
25 3 22
25 4 27
25 5 7
25 6 45
25 7 41
25 8 7
25 9 60
26 0 18
26 1 1
26 2 54
26 3 18
26 4 23
26 5 4
26 6 29
26 7 39
26 8 6
26 9 58
27 0 2
27 1 2
27 2 8
27 3 4
27 4 5
27 5 0
27 6 7
27 7 2
27 8 1
27 9 11
28 0 10
28 1 1
28 2 8
28 3 2
28 4 5
28 5 2
28 6 7
28 7 19
28 8 1
28 9 9
29 0 3
29 1 0
29 2 6
29 3 1
29 4 2
29 5 0
29 6 4
29 7 9
29 8 2
29 9 9
30 0 1
30 1 0
30 2 10
30 3 1
30 4 1
30 5 2
30 6 4
30 7 10
30 8 1
30 9 12
31 0 16
31 1 1
31 2 14
31 3 13
31 4 19
31 5 4
31 6 17
31 7 40
31 8 1
31 9 42
32 0 13
32 1 1
32 2 32
32 3 11
32 4 16
32 5 2
32 6 25
32 7 53
32 8 3
32 9 55
33 0 24
33 1 0
33 2 22
33 3 19
33 4 29
33 5 3
33 6 41
33 7 50
33 8 4
33 9 44
34 0 20
34 1 0
34 2 20
34 3 23
34 4 23
34 5 4
34 6 31
34 7 60
34 8 4
34 9 46
35 0 10
35 1 0
35 2 8
35 3 5
35 4 4
35 5 1
35 6 11
35 7 32
35 8 2
35 9 16
36 0 1
36 1 0
36 2 5
36 3 2
36 4 2
36 5 2
36 6 3
36 7 8
36 8 2
36 9 4
37 0 2
37 1 0
37 2 0
37 3 2
37 4 3
37 5 1
37 6 0
37 7 1
37 8 1
37 9 6
38 0 3
38 1 0
38 2 4
38 3 1
38 4 3
38 5 0
38 6 1
38 7 1
38 8 1
38 9 3
39 0 7
39 1 0
39 2 10
39 3 4
39 4 4
39 5 2
39 6 7
39 7 8
39 8 0
39 9 14
40 0 7
40 1 0
40 2 1
40 3 2
40 4 3
40 5 0
40 6 6
40 7 4
40 8 5
40 9 5
41 0 3
41 1 0
41 2 4
41 3 1
41 4 0
41 5 0
41 6 0
41 7 1
41 8 0
41 9 0
42 0 1
42 1 0
42 2 2
42 3 0
42 4 0
42 5 0
42 6 1
42 7 2
42 8 0
42 9 3
43 0 3
43 1 0
43 2 6
43 3 2
43 4 4
43 5 0
43 6 3
43 7 8
43 8 0
43 9 6
44 0 9
44 1 0
44 2 6
44 3 3
44 4 3
44 5 1
44 6 2
44 7 8
44 8 2
44 9 19
45 0 2
45 1 0
45 2 5
45 3 6
45 4 2
45 5 1
45 6 7
45 7 15
45 8 3
45 9 9
46 0 4
46 1 0
46 2 5
46 3 3
46 4 3
46 5 1
46 6 7
46 7 5
46 8 1
46 9 10
47 0 9
47 1 0
47 2 8
47 3 2
47 4 4
47 5 0
47 6 4
47 7 6
47 8 3
47 9 10
48 0 5
48 1 1
48 2 5
48 3 1
48 4 2
48 5 1
48 6 10
48 7 5
48 8 0
48 9 9
49 0 5
49 1 0
49 2 4
49 3 1
49 4 3
49 5 1
49 6 5
49 7 3
49 8 4
49 9 9
50 0 7
50 1 0
50 2 2
50 3 5
50 4 4
50 5 1
50 6 10
50 7 4
50 8 0
50 9 4
51 0 6
51 1 1
51 2 5
51 3 5
51 4 8
51 5 1
51 6 10
51 7 7
51 8 6
51 9 5
52 0 5
52 1 0
52 2 7
52 3 5
52 4 5
52 5 4
52 6 15
52 7 3
52 8 6
52 9 5
53 0 4
53 1 0
53 2 6
53 3 12
53 4 13
53 5 1
53 6 15
53 7 5
53 8 3
53 9 5
54 0 11
54 1 0
54 2 5
54 3 8
54 4 19
54 5 2
54 6 21
54 7 16
54 8 4
54 9 12
55 0 14
55 1 3
55 2 19
55 3 10
55 4 16
55 5 5
55 6 35
55 7 11
55 8 7
55 9 20
56 0 8
56 1 1
56 2 17
56 3 15
56 4 14
56 5 4
56 6 30
56 7 23
56 8 5
56 9 20
57 0 18
57 1 1
57 2 19
57 3 14
57 4 15
57 5 6
57 6 37
57 7 9
57 8 9
57 9 21
58 0 15
58 1 4
58 2 34
58 3 7
58 4 27
58 5 2
58 6 38
58 7 16
58 8 11
58 9 31
59 0 20
59 1 3
59 2 25
59 3 9
59 4 15
59 5 3
59 6 36
59 7 24
59 8 9
59 9 41
60 0 14
60 1 7
60 2 38
60 3 12
60 4 36
60 5 5
60 6 37
60 7 23
60 8 6
60 9 34
61 0 16
61 1 8
61 2 37
61 3 13
61 4 29
61 5 3
61 6 30
61 7 18
61 8 9
61 9 46
62 0 16
62 1 15
62 2 57
62 3 10
62 4 21
62 5 3
62 6 37
62 7 21
62 8 8
62 9 44
63 0 15
63 1 10
63 2 53
63 3 17
63 4 28
63 5 4
63 6 31
63 7 15
63 8 6
63 9 38
64 0 19
64 1 10
64 2 42
64 3 10
64 4 33
64 5 4
64 6 33
64 7 8
64 8 4
64 9 45
65 0 9
65 1 9
65 2 29
65 3 12
65 4 31
65 5 3
65 6 32
65 7 13
65 8 11
65 9 48
66 0 18
66 1 8
66 2 42
66 3 6
66 4 22
66 5 4
66 6 27
66 7 16
66 8 4
66 9 44
67 0 11
67 1 19
67 2 38
67 3 15
67 4 19
67 5 2
67 6 23
67 7 14
67 8 7
67 9 37
68 0 8
68 1 14
68 2 34
68 3 13
68 4 18
68 5 4
68 6 24
68 7 10
68 8 5
68 9 34
69 0 14
69 1 24
69 2 51
69 3 27
69 4 22
69 5 4
69 6 44
69 7 29
69 8 15
69 9 50
70 0 21
70 1 26
70 2 48
70 3 26
70 4 24
70 5 5
70 6 40
70 7 22
70 8 8
70 9 55
71 0 20
71 1 24
71 2 48
71 3 28
71 4 12
71 5 5
71 6 25
71 7 19
71 8 5
71 9 40
72 0 13
72 1 13
72 2 39
72 3 15
72 4 11
72 5 6
72 6 26
72 7 13
72 8 8
72 9 32
73 0 6
73 1 14
73 2 40
73 3 13
73 4 16
73 5 0
73 6 16
73 7 11
73 8 11
73 9 22
74 0 14
74 1 9
74 2 49
74 3 14
74 4 27
74 5 2
74 6 18
74 7 7
74 8 7
74 9 29
75 0 8
75 1 7
75 2 40
75 3 14
75 4 9
75 5 3
75 6 22
75 7 15
75 8 6
75 9 33
76 0 12
76 1 9
76 2 37
76 3 11
76 4 16
76 5 5
76 6 13
76 7 14
76 8 4
76 9 31
77 0 10
77 1 8
77 2 34
77 3 7
77 4 21
77 5 3
77 6 17
77 7 15
77 8 8
77 9 27
78 0 15
78 1 5
78 2 38
78 3 11
78 4 19
78 5 5
78 6 23
78 7 11
78 8 7
78 9 27
79 0 23
79 1 13
79 2 83
79 3 25
79 4 33
79 5 6
79 6 30
79 7 20
79 8 13
79 9 49
80 0 0
80 1 0
80 2 0
80 3 0
80 4 0
80 5 0
80 6 0
80 7 0
80 8 0
80 9 0
81 0 0
81 1 0
81 2 0
81 3 0
81 4 0
81 5 0
81 6 0
81 7 0
81 8 0
81 9 0
82 0 0
82 1 0
82 2 0
82 3 0
82 4 0
82 5 0
82 6 0
82 7 0
82 8 0
82 9 0
83 0 0
83 1 0
83 2 0
83 3 0
83 4 0
83 5 0
83 6 0
83 7 0
83 8 0
83 9 0
84 0 0
84 1 0
84 2 0
84 3 0
84 4 0
84 5 0
84 6 0
84 7 0
84 8 0
84 9 0
85 0 0
85 1 0
85 2 0
85 3 0
85 4 0
85 5 0
85 6 0
85 7 0
85 8 0
85 9 0
86 0 0
86 1 0
86 2 0
86 3 0
86 4 0
86 5 0
86 6 0
86 7 0
86 8 0
86 9 0
87 0 0
87 1 0
87 2 0
87 3 0
87 4 0
87 5 0
87 6 0
87 7 0
87 8 0
87 9 0
88 0 0
88 1 0
88 2 0
88 3 0
88 4 0
88 5 0
88 6 0
88 7 0
88 8 0
88 9 0
89 0 0
89 1 0
89 2 0
89 3 0
89 4 0
89 5 0
89 6 0
89 7 0
89 8 0
89 9 0
90 0 0
90 1 0
90 2 0
90 3 0
90 4 0
90 5 0
90 6 0
90 7 0
90 8 0
90 9 0
91 0 0
91 1 0
91 2 0
91 3 0
91 4 0
91 5 0
91 6 0
91 7 0
91 8 0
91 9 0
92 0 0
92 1 0
92 2 0
92 3 0
92 4 0
92 5 0
92 6 0
92 7 0
92 8 0
92 9 0
93 0 0
93 1 0
93 2 0
93 3 0
93 4 0
93 5 0
93 6 0
93 7 0
93 8 0
93 9 0
94 0 0
94 1 0
94 2 0
94 3 0
94 4 0
94 5 0
94 6 0
94 7 0
94 8 0
94 9 0
95 0 0
95 1 0
95 2 0
95 3 0
95 4 0
95 5 0
95 6 0
95 7 0
95 8 0
95 9 0
