0 14
0 6
0 9
0 11
0 7
0 11
0 17
0 16
0 7
0 1
0 0
0 7
0 4
0 4
0 13
0 11
0 0
0 1
0 3
0 14
0 16
0 14
0 0
0 10
0 3
0 0
0 13
0 13
0 14
0 0
0 13
0 8
0 0
0 0
0 13
0 4
1 0
1 15
1 8
1 17
1 11
1 8
1 2
1 14
1 13
1 3
1 15
1 10
1 7
1 2
1 7
1 7
1 17
1 1
1 11
1 0
1 17
1 12
1 0
1 0
1 12
1 10
1 7
1 6
1 10
1 13
1 19
1 3
1 1
1 13
1 10
1 0
2 10
2 9
2 1
2 0
2 14
2 17
2 16
2 17
2 17
2 3
2 0
2 3
2 16
2 7
2 16
2 10
2 13
2 0
2 17
2 7
2 2
2 11
2 13
2 7
2 13
2 13
2 14
2 1
2 0
2 0
2 0
2 15
2 2
2 0
2 16
3 1
3 8
3 3
3 0
3 0
3 7
3 0
3 14
3 0
3 0
3 1
3 0
3 15
3 16
3 7
3 8
3 14
3 10
3 2
3 17
3 0
3 6
3 13
3 10
3 0
3 16
3 17
3 0
3 4
3 13
3 0
3 13
3 14
3 13
3 13
4 14
4 4
4 1
4 7
4 13
4 0
4 16
4 9
4 8
4 16
4 13
4 13
4 1
4 13
4 10
4 10
4 0
4 2
4 2
4 0
4 7
4 13
4 0
4 17
4 17
4 17
4 13
4 13
4 16
4 9
4 13
4 8
4 16
5 17
5 6
5 16
5 1
5 13
5 0
5 13
5 7
5 0
5 1
5 1
5 16
5 0
5 2
5 10
5 16
5 1
5 11
5 11
5 17
5 13
5 1
5 17
5 8
5 7
5 14
5 11
5 13
5 0
5 11
5 10
5 13
5 13
5 1
5 3
5 17
5 16
5 14
5 0
6 13
6 3
6 16
6 6
6 17
6 12
6 14
6 10
6 17
6 3
6 13
6 13
6 0
6 11
6 1
6 6
6 0
6 1
6 13
6 3
6 2
6 8
6 16
6 17
6 4
6 16
6 4
6 4
6 16
6 11
6 4
6 15
6 17
6 10
6 13
6 10
6 2
6 6
6 0
6 17
6 13
6 1
7 15
7 2
7 16
7 1
7 16
7 2
7 15
7 4
7 8
7 4
7 6
7 10
7 13
7 7
7 14
7 13
7 10
7 11
7 13
7 17
7 17
7 13
7 17
7 10
7 0
7 8
7 1
7 1
7 1
7 13
7 17
7 8
7 13
7 10
7 1
7 13
7 11
7 0
7 11
7 3
7 12
7 17
7 15
7 17
7 3
8 10
8 19
8 9
8 11
8 1
8 10
8 13
8 10
8 13
8 1
8 14
8 2
8 14
8 6
8 0
8 16
8 14
8 14
8 8
8 3
8 6
8 17
8 13
8 4
8 13
8 9
8 13
8 7
8 17
8 17
8 13
8 1
8 11
8 4
8 16
8 17
8 13
8 14
9 13
9 1
9 13
9 14
9 10
9 17
9 1
9 17
9 12
9 1
9 2
9 1
9 11
9 8
9 1
9 17
9 0
9 17
9 2
9 0
9 10
9 17
9 14
9 4
9 2
9 10
9 6
9 8
9 17
9 13
9 1
9 10
9 13
9 7
9 7
9 7
9 14
10 17
10 10
10 6
10 1
10 11
10 14
10 15
10 4
10 14
10 11
10 2
10 18
10 0
10 6
10 16
10 1
10 17
10 13
10 11
10 13
10 1
10 5
10 11
10 9
10 17
10 11
10 14
10 13
10 11
10 8
10 2
10 17
10 11
10 17
10 0
10 16
10 2
10 2
10 17
10 16
10 13
10 11
10 10
10 7
11 8
11 2
11 9
11 3
11 17
11 7
11 0
11 1
11 4
11 8
11 10
11 8
11 13
11 14
11 0
11 7
11 2
11 15
11 16
11 9
11 0
11 10
11 10
11 15
11 8
11 10
11 13
11 17
11 14
11 0
11 11
11 2
11 16
11 13
11 13
11 3
11 14
11 13
11 2
11 3
11 14
11 11
11 1
11 7
11 16
11 6
11 13
11 7
12 13
12 4
12 1
12 17
12 10
12 16
12 17
12 1
12 6
12 14
12 13
12 4
12 13
12 16
12 8
12 13
12 16
12 13
12 0
12 0
12 15
12 2
12 13
12 1
12 11
12 10
12 3
12 14
12 17
12 10
12 11
12 13
12 10
12 9
12 17
12 5
12 16
12 14
12 13
12 10
12 6
12 11
12 0
12 13
13 7
13 8
13 19
13 1
13 13
13 14
13 17
13 16
13 1
13 6
13 0
13 14
13 17
13 6
13 11
13 17
13 2
13 16
13 13
13 5
13 13
13 3
13 10
13 13
13 9
13 1
13 19
13 13
13 7
13 1
13 11
13 12
13 13
13 10
13 10
14 12
14 11
14 7
14 7
14 17
14 16
14 4
14 10
14 17
14 13
14 11
14 17
14 17
14 13
14 11
14 14
14 16
14 3
14 14
14 0
14 16
14 13
14 17
14 0
14 6
14 7
14 15
14 17
14 2
14 14
14 10
14 4
14 3
14 4
14 17
14 3
14 13
14 17
14 0
14 13
14 0
14 10
15 0
15 17
15 7
15 15
15 7
15 17
15 0
15 10
15 11
15 0
15 6
15 2
15 10
15 13
15 4
15 13
15 17
15 16
15 8
15 0
15 13
15 13
15 3
15 1
15 0
15 12
15 16
15 14
15 17
15 16
15 10
15 2
15 17
15 2
15 13
15 16
15 2
15 0
15 13
15 11
15 17
15 10
15 11
16 7
16 17
16 9
16 19
16 8
16 1
16 13
16 3
16 13
16 11
16 14
16 17
16 9
16 17
16 17
16 0
16 4
16 15
16 7
16 1
16 6
16 1
16 17
16 11
16 4
16 15
16 11
16 0
16 16
16 16
16 13
16 0
16 11
16 7
16 3
16 4
16 16
16 1
16 16
16 16
16 2
16 0
16 8
16 6
17 13
17 4
17 7
17 4
17 2
17 13
17 0
17 2
17 12
17 17
17 13
17 0
17 17
17 10
17 17
17 17
17 0
17 13
17 3
17 14
17 13
17 15
17 3
17 1
17 7
17 17
17 9
17 1
17 9
17 16
17 2
17 12
17 2
17 7
17 0
17 16
17 17
17 17
17 17
17 3
17 6
17 18
18 7
18 10
18 16
18 16
18 17
18 11
18 7
18 16
18 0
18 10
18 13
18 14
18 15
18 13
18 10
18 6
18 10
18 2
18 11
18 0
18 3
18 6
18 17
18 4
18 2
18 8
18 14
18 11
18 16
18 13
18 17
18 7
18 8
18 3
18 13
18 2
18 0
18 6
18 10
18 2
18 3
18 1
18 15
18 8
18 0
18 3
18 8
18 9
18 11
19 17
19 7
19 13
19 14
19 17
19 3
19 17
19 2
19 0
19 10
19 7
19 2
19 0
19 17
19 1
19 2
19 10
19 16
19 1
19 13
19 0
19 3
19 6
19 16
19 13
19 3
19 13
19 17
19 17
19 0
19 1
19 7
19 7
19 4
19 7
19 14
19 13
19 9
19 0
19 13
19 3
19 15
19 17
19 13
20 1
20 4
20 17
20 11
20 13
20 3
20 16
20 17
20 2
20 7
20 2
20 19
20 0
20 4
20 2
20 14
20 1
20 13
20 7
20 3
20 16
20 13
20 3
20 16
20 17
20 17
20 6
20 3
20 13
20 10
20 16
20 9
20 16
20 17
20 3
20 11
20 4
20 2
20 7
20 13
20 7
20 11
20 17
20 3
21 8
21 16
21 4
21 17
21 9
21 14
21 16
21 11
21 0
21 14
21 10
21 13
21 17
21 13
21 13
21 17
21 14
21 13
21 1
21 6
21 16
21 13
21 13
21 16
21 0
21 7
21 7
21 17
21 17
21 12
21 2
21 17
21 3
21 8
21 3
21 3
21 7
21 8
21 10
21 19
21 7
21 10
22 16
22 3
22 8
22 3
22 17
22 0
22 1
22 3
22 8
22 15
22 11
22 14
22 16
22 7
22 16
22 2
22 17
22 13
22 0
22 16
22 13
22 15
22 0
22 0
22 13
22 2
22 14
22 16
22 10
22 9
22 13
22 17
22 8
22 3
22 1
22 16
22 1
22 0
22 13
22 13
22 2
22 17
22 10
22 16
22 17
22 13
22 2
22 16
22 17
22 2
22 17
22 8
22 3
23 14
23 10
23 15
23 10
23 2
23 0
23 0
23 5
23 14
23 17
23 2
23 17
23 13
23 17
23 0
23 16
23 16
23 8
23 17
23 17
23 0
23 0
23 0
23 6
23 13
23 14
23 13
23 0
23 13
23 16
23 2
23 0
23 17
23 8
23 6
23 14
23 17
23 0
23 16
23 2
23 10
23 16
23 8
23 15
23 14
23 9
23 13
23 17
24 3
24 13
24 3
24 14
24 13
24 17
24 8
24 13
24 7
24 8
24 17
24 10
24 13
24 14
24 4
24 2
24 10
24 13
24 3
24 4
24 10
24 16
24 7
24 9
24 7
24 16
24 8
24 17
24 4
24 16
24 16
24 16
24 13
24 6
24 13
24 7
24 13
24 17
24 16
24 13
24 8
24 2
24 11
24 17
24 11
24 11
24 3
24 0
25 13
25 15
25 0
25 13
25 4
25 16
25 17
25 0
25 7
25 17
25 13
25 11
25 17
25 7
25 7
25 16
25 0
25 1
25 16
25 17
25 13
25 3
25 3
25 3
25 3
25 11
25 13
25 4
25 17
25 10
25 13
25 16
25 0
25 0
25 14
25 3
25 16
25 10
25 17
25 16
25 16
25 13
25 3
25 6
25 0
25 3
25 15
25 6
25 17
25 0
25 8
26 16
26 0
26 7
26 11
26 2
26 0
26 13
26 0
26 0
26 0
26 13
26 18
26 17
26 0
26 2
26 17
26 16
26 13
26 13
26 6
26 13
26 0
26 0
26 2
26 14
26 6
26 15
26 2
26 3
26 13
26 0
26 16
26 0
26 17
26 13
26 3
26 10
26 1
26 13
26 13
26 7
26 16
26 10
26 2
26 4
27 16
27 8
27 12
27 8
27 9
27 0
27 13
27 0
27 8
27 10
27 16
27 0
27 4
27 13
27 15
27 17
27 7
27 17
27 4
27 11
27 2
27 4
27 17
27 17
27 0
27 0
27 7
27 3
27 0
27 17
27 6
27 10
27 7
27 0
27 10
27 8
27 5
27 15
27 8
27 15
27 11
27 8
27 11
27 7
27 17
27 16
27 17
27 17
28 13
28 14
28 0
28 1
28 13
28 17
28 17
28 13
28 7
28 9
28 17
28 10
28 10
28 9
28 0
28 0
28 0
28 14
28 13
28 13
28 7
28 17
28 10
28 0
28 13
28 17
28 17
28 0
28 10
28 15
28 7
28 7
28 10
28 4
28 6
28 13
28 16
28 0
28 1
28 1
28 0
28 17
28 4
28 16
28 17
28 10
28 17
28 13
28 3
28 14
28 13
28 17
28 13
29 17
29 17
29 0
29 9
29 2
29 6
29 8
29 13
29 9
29 3
29 17
29 3
29 0
29 11
29 8
29 16
29 13
29 1
29 17
29 16
29 17
29 0
29 3
29 3
29 0
29 8
29 6
29 13
29 13
29 10
29 11
29 17
29 6
29 17
29 7
29 0
29 10
29 16
29 4
29 11
29 9
29 13
29 13
29 13
29 3
29 0
29 13
29 2
29 10
30 0
30 14
30 0
30 1
30 4
30 7
30 2
30 1
30 1
30 11
30 8
30 15
30 4
30 14
30 13
30 11
30 0
30 2
30 13
30 13
30 16
30 13
30 0
30 17
30 13
30 10
30 13
30 11
30 17
30 7
30 8
30 17
30 7
30 17
30 4
30 1
30 7
30 16
30 13
30 4
30 8
30 14
30 2
30 16
30 3
30 8
30 0
30 10
30 3
30 0
30 3
31 3
31 17
31 2
31 17
31 14
31 2
31 17
31 2
31 0
31 16
31 8
31 16
31 9
31 0
31 6
31 14
31 16
31 11
31 13
31 12
31 6
31 15
31 9
31 1
31 15
31 16
31 15
31 12
31 15
31 13
31 0
31 13
31 6
31 17
31 16
31 6
31 0
31 0
31 13
31 11
31 17
31 11
31 2
31 13
31 0
31 13
32 1
32 7
32 4
32 13
32 0
32 6
32 13
32 7
32 17
32 8
32 2
32 13
32 0
32 0
32 14
32 16
32 8
32 13
32 4
32 4
32 14
32 6
32 3
32 4
32 9
32 1
32 13
32 2
32 6
32 13
32 18
32 0
32 13
32 11
32 12
32 0
32 13
32 17
32 17
32 13
32 13
32 10
32 3
32 13
32 9
32 0
32 13
33 0
33 16
33 10
33 13
33 17
33 17
33 13
33 16
33 8
33 8
33 10
33 0
33 8
33 7
33 7
33 13
33 13
33 16
33 3
33 3
33 13
33 17
33 1
33 14
33 9
33 13
33 14
33 3
33 11
33 8
33 6
33 4
33 2
33 10
33 14
33 15
33 17
33 6
33 16
33 13
33 17
33 7
33 10
33 8
33 15
33 17
33 0
33 13
33 8
33 0
33 6
33 2
33 0
33 17
34 17
34 3
34 14
34 4
34 8
34 16
34 16
34 2
34 13
34 4
34 17
34 16
34 10
34 8
34 13
34 6
34 10
34 17
34 14
34 13
34 10
34 0
34 4
34 7
34 6
34 12
34 0
34 2
34 0
34 8
34 7
34 6
34 13
34 13
34 13
34 12
34 14
34 7
34 2
34 0
34 2
34 6
34 16
34 2
34 13
35 17
35 13
35 8
35 3
35 0
35 14
35 4
35 14
35 14
35 17
35 10
35 4
35 13
35 13
35 13
35 14
35 17
35 10
35 3
35 13
35 13
35 15
35 9
35 4
35 8
35 13
35 17
35 10
35 2
35 13
35 13
35 16
35 15
35 2
35 8
35 8
35 0
35 2
35 3
35 13
35 2
35 6
35 0
35 13
35 13
35 10
35 2
36 4
36 13
36 0
36 1
36 17
36 11
36 11
36 14
36 3
36 13
36 13
36 8
36 3
36 0
36 0
36 2
36 8
36 13
36 16
36 10
36 3
36 16
36 10
36 3
36 7
36 6
36 1
36 17
36 9
36 6
36 17
36 1
36 1
36 14
36 4
36 13
36 8
36 2
36 3
36 13
36 13
36 6
36 1
36 16
36 16
36 12
36 3
36 8
36 0
36 8
37 0
37 0
37 8
37 11
37 0
37 13
37 0
37 4
37 4
37 6
37 7
37 11
37 1
37 13
37 1
37 8
37 0
37 2
37 7
37 17
37 13
37 8
37 6
37 13
37 8
37 17
37 2
37 14
37 9
37 13
37 13
37 2
37 6
37 16
37 13
37 13
37 17
37 8
37 15
37 0
37 14
37 4
37 14
37 0
37 13
37 11
38 13
38 6
38 15
38 6
38 4
38 7
38 14
38 0
38 0
38 13
38 7
38 17
38 1
38 16
38 14
38 3
38 0
38 9
38 10
38 16
38 17
38 15
38 12
38 13
38 0
38 13
38 0
38 4
38 2
38 13
38 11
38 17
38 1
38 1
38 17
38 2
38 3
38 16
38 0
38 0
38 16
38 8
38 6
38 10
38 7
38 11
38 13
38 11
38 6
38 2
38 7
38 17
38 17
38 3
38 10
38 16
39 17
39 8
39 11
39 0
39 13
39 5
39 17
39 1
39 11
39 2
39 2
39 0
39 11
39 13
39 0
39 2
39 7
39 2
39 17
39 6
39 4
39 13
39 13
39 14
39 2
39 0
39 0
39 8
39 15
39 0
39 16
39 13
39 2
39 13
39 13
39 8
39 0
39 15
39 16
39 13
39 13
39 14
39 16
39 8
39 6
40 11
40 16
40 14
40 7
40 17
40 17
40 16
40 8
40 16
40 8
40 17
40 0
40 3
40 6
40 11
40 8
40 18
40 3
40 8
40 13
40 13
40 14
40 13
40 13
40 1
40 13
40 1
40 15
40 13
40 13
40 2
40 11
40 13
40 14
40 13
40 0
40 16
40 10
40 6
40 16
40 13
40 17
40 7
40 2
40 0
40 13
40 3
40 15
41 7
41 13
41 17
41 7
41 16
41 11
41 7
41 1
41 0
41 13
41 13
41 4
41 11
41 13
41 13
41 13
41 0
41 10
41 16
41 1
41 13
41 15
41 7
41 13
41 13
41 16
41 13
41 14
41 13
41 14
41 16
41 11
41 13
41 7
41 6
41 15
41 7
41 13
41 7
41 1
41 7
41 15
41 2
41 4
41 1
41 13
41 2
42 0
42 1
42 0
42 13
42 0
42 17
42 13
42 10
42 13
42 13
42 13
42 13
42 1
42 16
42 0
42 0
42 1
42 2
42 1
42 13
42 10
42 10
42 8
42 8
42 7
42 13
42 13
42 7
42 4
42 13
42 1
42 3
42 0
42 13
42 14
42 2
42 8
42 11
42 2
42 8
42 2
42 2
42 10
42 2
42 10
42 11
42 17
42 4
42 13
42 1
43 10
43 3
43 16
43 13
43 13
43 11
43 17
43 11
43 7
43 3
43 13
43 13
43 11
43 13
43 13
43 10
43 12
43 0
43 1
43 4
43 1
43 14
43 16
43 11
43 3
43 0
43 0
43 13
43 7
43 15
43 8
43 10
43 17
43 13
43 2
43 4
43 9
43 11
43 2
43 1
43 15
43 17
43 0
44 14
44 17
44 14
44 0
44 13
44 4
44 8
44 1
44 4
44 13
44 2
44 6
44 6
44 0
44 8
44 16
44 13
44 16
44 14
44 13
44 2
44 0
44 4
44 17
44 17
44 3
44 16
44 11
44 4
44 0
44 13
44 13
44 14
44 14
44 16
44 17
44 3
44 13
44 8
44 0
44 13
44 13
44 0
44 10
44 2
44 11
44 2
45 14
45 13
45 11
45 13
45 7
45 6
45 15
45 7
45 13
45 1
45 13
45 1
45 0
45 13
45 2
45 4
45 13
45 8
45 3
45 15
45 6
45 15
45 4
45 0
45 3
45 17
45 0
45 13
45 2
45 0
45 17
45 7
45 17
45 2
45 4
45 12
45 10
45 16
45 14
45 0
45 13
45 13
45 14
45 11
45 0
46 17
46 1
46 13
46 13
46 2
46 11
46 2
46 13
46 2
46 7
46 2
46 13
46 10
46 11
46 11
46 14
46 8
46 0
46 2
46 0
46 13
46 1
46 17
46 17
46 14
46 11
46 13
46 13
46 7
46 10
46 2
46 7
46 2
46 11
46 0
46 14
46 16
46 13
46 13
46 2
46 17
46 8
47 4
47 13
47 2
47 3
47 4
47 1
47 10
47 13
47 15
47 4
47 16
47 10
47 14
47 2
47 13
47 1
47 13
47 1
47 13
47 13
47 2
47 3
47 8
47 13
47 2
47 0
47 13
47 0
47 17
47 3
47 2
47 7
47 8
47 0
47 8
47 13
47 16
47 0
47 16
47 17
47 4
47 8
47 7
47 7
48 14
48 2
48 13
48 13
48 13
48 2
48 14
48 14
48 13
48 13
48 17
48 0
48 0
48 15
48 13
48 17
48 16
48 19
48 3
48 6
48 4
48 0
48 16
48 13
48 13
48 7
48 10
48 1
48 17
48 2
48 13
48 13
48 14
48 0
48 9
48 16
48 0
48 11
48 16
48 13
48 0
48 16
49 16
49 13
49 17
49 0
49 2
49 4
49 8
49 1
49 2
49 7
49 0
49 16
49 8
49 13
49 15
49 2
49 7
49 11
49 13
49 15
49 15
49 6
49 11
49 14
49 4
49 8
49 8
49 16
49 16
49 13
49 11
49 8
49 10
49 12
49 2
49 8
49 6
49 10
49 2
49 13
49 2
49 14
49 13
50 9
50 16
50 9
50 0
50 2
50 2
50 1
50 13
50 4
50 16
50 0
50 8
50 3
50 13
50 17
50 13
50 16
50 17
50 18
50 13
50 13
50 3
50 13
50 4
50 13
50 13
50 4
50 9
50 6
50 0
50 3
50 3
50 16
50 17
50 13
50 0
50 18
50 2
50 17
51 0
51 3
51 13
51 1
51 6
51 16
51 16
51 7
51 1
51 16
51 11
51 6
51 19
51 16
51 13
51 17
51 13
51 15
51 11
51 8
51 5
51 8
51 3
51 6
51 7
51 17
51 13
51 17
51 0
51 3
51 15
51 13
51 0
51 2
51 10
51 13
51 1
51 13
51 6
51 14
52 9
52 0
52 3
52 17
52 14
52 16
52 11
52 3
52 10
52 4
52 3
52 6
52 7
52 13
52 13
52 9
52 6
52 8
52 17
52 13
52 13
52 13
52 7
52 6
52 7
52 13
52 2
52 13
52 14
52 16
52 16
52 13
52 0
52 13
52 11
52 4
52 1
52 0
52 17
52 10
52 16
53 7
53 11
53 17
53 0
53 15
53 13
53 4
53 2
53 16
53 1
53 4
53 11
53 3
53 8
53 0
53 16
53 16
53 3
53 12
53 14
53 8
53 16
53 13
53 7
53 4
53 13
53 13
53 14
53 0
53 13
53 0
53 13
53 10
53 0
53 0
53 13
53 0
54 0
54 13
54 14
54 2
54 17
54 14
54 13
54 3
54 2
54 0
54 1
54 6
54 13
54 7
54 17
54 13
54 0
54 8
54 16
54 1
54 16
54 4
54 17
54 1
54 0
54 17
54 7
54 14
54 13
54 17
54 17
54 0
54 3
54 3
54 14
54 1
54 3
54 9
54 8
54 13
54 10
54 13
54 13
55 0
55 4
55 15
55 14
55 14
55 14
55 6
55 8
55 17
55 8
55 16
55 13
55 13
55 12
55 3
55 2
55 2
55 3
55 2
55 14
55 8
55 16
55 16
55 0
55 0
55 13
55 0
55 7
55 9
55 0
55 8
55 3
55 9
55 13
55 15
55 13
55 7
55 7
56 16
56 17
56 8
56 14
56 2
56 14
56 0
56 13
56 2
56 1
56 13
56 13
56 8
56 17
56 11
56 15
56 13
56 2
56 0
56 7
56 6
56 0
56 2
56 8
56 2
56 7
56 7
56 6
56 8
56 17
56 6
56 13
56 15
56 13
56 17
56 8
56 4
56 2
56 13
56 13
56 15
57 16
57 3
57 0
57 13
57 5
57 17
57 0
57 9
57 16
57 2
57 3
57 17
57 3
57 3
57 17
57 15
57 2
57 7
57 7
57 16
57 17
57 16
57 15
57 13
57 10
57 13
57 13
57 2
57 13
57 3
57 7
57 10
57 2
57 16
58 17
58 1
58 2
58 3
58 11
58 2
58 13
58 13
58 17
58 11
58 11
58 13
58 1
58 8
58 3
58 13
58 8
58 0
58 16
58 17
58 4
58 13
58 11
58 1
58 10
58 2
58 9
58 1
58 8
58 17
58 11
58 6
58 14
58 17
58 4
58 16
58 0
59 16
59 17
59 10
59 10
59 13
59 17
59 15
59 0
59 13
59 13
59 8
59 17
59 0
59 13
59 14
59 0
59 17
59 13
59 4
59 13
59 13
59 8
59 8
59 16
59 11
59 3
59 13
59 3
59 16
59 2
59 10
59 17
59 8
59 1
59 0
59 6
59 7
59 6
59 9
60 17
60 17
60 11
60 18
60 14
60 17
60 15
60 17
60 7
60 7
60 14
60 14
60 13
60 17
60 11
60 17
60 1
60 17
60 8
60 17
60 19
60 17
60 16
60 6
60 9
60 17
60 1
60 11
60 15
60 3
60 1
60 13
60 6
60 2
60 1
60 13
60 15
60 0
60 17
60 0
60 13
60 13
60 8
60 1
60 2
61 11
61 13
61 0
61 10
61 2
61 12
61 13
61 16
61 13
61 2
61 4
61 3
61 0
61 17
61 4
61 14
61 1
61 7
61 13
61 0
61 17
61 17
61 14
61 15
61 15
61 16
61 13
61 13
61 6
61 11
61 10
61 16
61 15
61 1
61 2
61 13
61 16
61 13
61 2
61 3
62 0
62 17
62 1
62 8
62 17
62 0
62 9
62 13
62 4
62 0
62 13
62 1
62 10
62 10
62 2
62 7
62 2
62 7
62 14
62 17
62 17
62 13
62 16
62 8
62 0
62 13
62 7
62 1
62 16
62 2
62 13
62 2
62 14
63 13
63 19
63 3
63 6
63 13
63 2
63 2
63 3
63 8
63 17
63 16
63 7
63 0
63 16
63 13
63 0
63 13
63 13
63 17
63 6
63 13
63 13
63 0
63 9
63 9
63 13
63 2
63 17
63 13
63 12
63 13
63 1
63 2
63 7
63 0
63 17
63 13
64 13
64 2
64 4
64 0
64 6
64 13
64 3
64 10
64 15
64 12
64 9
64 2
64 12
64 0
64 13
64 7
64 17
64 6
64 0
64 13
64 7
64 17
64 0
64 4
64 14
64 17
64 14
64 2
64 2
64 4
64 10
64 10
64 5
64 13
64 17
65 13
65 14
65 0
65 8
65 2
65 7
65 1
65 8
65 17
65 15
65 4
65 4
65 0
65 13
65 7
65 2
65 13
65 8
65 8
65 13
65 7
65 8
65 7
65 13
65 14
65 6
65 14
65 17
65 1
65 13
65 8
65 13
65 8
65 11
65 2
65 3
66 6
66 0
66 11
66 17
66 15
66 15
66 17
66 8
66 0
66 17
66 11
66 14
66 7
66 0
66 3
66 7
66 11
66 13
66 17
66 15
66 3
66 2
66 12
66 17
66 11
66 16
66 12
66 6
66 16
66 13
66 0
66 13
66 7
66 14
66 15
66 15
67 17
67 6
67 15
67 3
67 16
67 15
67 8
67 1
67 7
67 4
67 2
67 17
67 8
67 17
67 11
67 6
67 2
67 3
67 11
67 13
67 11
67 16
67 9
67 6
67 3
67 0
67 7
67 10
67 13
67 2
67 13
67 2
67 16
67 11
67 17
67 9
68 1
68 13
68 6
68 13
68 17
68 8
68 8
68 7
68 3
68 11
68 6
68 6
68 4
68 13
68 17
68 11
68 14
68 1
68 4
68 11
68 7
68 7
68 14
68 7
68 11
68 7
68 11
68 3
68 14
68 11
68 15
68 8
68 13
68 2
68 15
68 2
68 0
68 17
68 8
68 16
68 16
68 10
69 14
69 13
69 17
69 11
69 1
69 11
69 19
69 0
69 13
69 10
69 4
69 3
69 17
69 7
69 11
69 2
69 7
69 9
69 6
69 13
69 0
69 11
69 13
69 13
69 16
69 0
69 17
69 15
69 17
69 9
69 18
69 2
69 11
69 11
69 11
69 6
69 8
69 9
69 13
69 13
70 3
70 3
70 2
70 0
70 13
70 2
70 0
70 13
70 4
70 14
70 8
70 11
70 16
70 0
70 8
70 6
70 13
70 15
70 2
70 11
70 11
70 10
70 11
70 11
70 17
70 7
70 13
70 16
70 8
70 10
70 11
70 10
70 16
70 10
70 11
70 2
70 15
70 2
70 6
71 17
71 10
71 1
71 2
71 17
71 17
71 14
71 2
71 8
71 14
71 8
71 4
71 13
71 13
71 15
71 6
71 18
71 15
71 7
71 0
71 0
71 2
71 0
71 8
71 7
71 10
71 17
71 1
71 17
71 17
71 3
71 14
71 13
72 2
72 10
72 7
72 0
72 11
72 13
72 10
72 0
72 6
72 0
72 13
72 14
72 6
72 11
72 1
72 13
72 14
72 11
72 7
72 4
72 7
72 17
72 4
72 7
72 17
72 15
72 16
72 11
72 2
72 2
72 16
73 2
73 2
73 3
73 14
73 2
73 17
73 10
73 17
73 0
73 17
73 8
73 2
73 7
73 16
73 0
73 3
73 8
73 13
73 16
73 16
73 11
73 15
73 7
73 14
73 17
73 10
73 10
73 13
73 13
73 17
73 13
73 11
73 6
73 7
73 16
74 2
74 15
74 16
74 16
74 1
74 17
74 6
74 16
74 5
74 16
74 11
74 7
74 16
74 2
74 13
74 17
74 13
74 9
74 2
74 14
74 13
74 15
74 17
74 11
74 7
74 13
74 8
74 6
74 4
75 0
75 3
75 6
75 14
75 6
75 17
75 14
75 0
75 17
75 9
75 13
75 4
75 10
75 3
75 3
75 11
75 15
75 16
75 6
75 3
75 13
75 0
76 13
76 9
76 11
76 0
76 16
76 17
76 7
76 8
76 15
76 10
76 11
76 11
76 0
76 1
76 5
76 7
76 17
76 3
76 15
76 3
76 8
76 0
76 15
76 13
77 0
77 1
77 14
77 8
77 3
77 6
77 2
77 17
77 1
77 13
77 11
77 0
77 6
77 2
77 0
77 19
77 8
77 8
77 17
77 2
77 14
77 15
77 6
77 14
77 12
77 13
77 0
77 10
77 0
78 17
78 15
78 19
78 17
78 0
78 16
78 0
78 6
78 7
78 4
78 4
78 14
78 13
78 4
78 2
78 17
78 2
78 13
78 4
78 15
78 3
78 15
79 13
79 17
79 2
79 11
79 13
79 17
79 4
79 10
79 2
79 2
79 3
79 13
79 3
79 13
79 15
79 2
79 16
79 8
79 2
79 7
79 19
79 1
80 10
80 2
80 8
80 3
80 4
80 8
80 10
80 13
80 18
80 14
80 13
80 11
80 13
80 8
80 10
80 2
80 13
80 13
80 13
80 13
80 4
81 8
81 4
81 5
81 13
81 13
81 4
84 14
84 8
84 15
84 16
84 5
84 18
84 2
84 2
84 11
84 5
84 17
84 7
84 6
84 10
84 11
84 12
84 15
84 15
84 0
84 9
84 6
84 11
84 15
84 13
84 6
84 3
84 2
84 2
84 14
85 16
85 16
85 2
85 7
85 8
85 2
85 13
85 11
85 15
85 8
85 11
85 6
85 14
85 17
85 1
85 11
86 8
86 14
86 12
86 2
86 15
86 16
86 0
86 8
86 12
86 16
86 16
86 13
86 0
86 8
86 3
86 2
86 6
87 7
87 13
87 8
87 0
87 0
87 6
87 15
87 16
87 9
87 7
88 15
88 3
88 17
88 2
88 13
88 2
88 13
88 17
88 4
88 11
88 0
88 17
88 2
88 10
89 2
89 5
89 8
89 4
89 3
89 8
89 7
89 8
89 14
89 6
89 6
89 16
89 2
90 16
90 14
90 14
90 8
90 14
90 3
90 6
90 8
90 2
90 14
90 16
90 4
90 2
90 15
90 11
90 3
90 4
91 6
91 16
91 2
91 15
91 13
91 11
91 3
91 6
91 15
91 0
91 15
91 6
91 3
91 15
92 17
92 2
92 2
92 0
92 16
92 8
92 11
92 2
92 17
92 11
92 15
92 15
92 2
93 18
93 8
93 11
93 15
93 8
93 1
93 7
93 17
93 8
93 13
93 9
94 8
94 14
94 17
94 0
94 15
94 2
94 4
94 15
94 16
94 6
94 2
94 0
95 0
95 2
95 6
95 2
95 14
95 0
95 8
95 15
95 15
95 3
95 6
95 17
95 17
95 15
95 8
96 16
96 17
96 17
96 8
96 6
96 15
96 10
96 11
97 6
97 15
97 5
97 11
97 16
97 13
97 16
97 9
97 15
97 2
97 9
97 4
97 2
97 17
97 15
98 6
98 2
98 2
98 17
98 14
98 4
98 17
98 6
98 16
98 2
98 14
98 11
98 2
98 7
99 15
99 8
99 16
99 17
99 15
99 16
99 15
99 0
99 0
99 6
99 8
99 2
99 16
100 7
100 17
100 15
100 0
100 14
100 6
100 15
100 11
100 2
100 15
100 8
100 15
100 0
100 17
101 6
101 9
101 10
101 6
101 8
101 5
101 16
101 2
101 2
101 7
102 6
102 15
102 6
102 13
102 11
102 17
102 11
102 6
102 2
102 4
102 3
102 11
102 2
102 11
102 4
102 13
102 11
103 8
103 7
103 2
103 6
103 8
103 2
103 6
103 3
103 18
103 15
103 15
103 2
103 8
103 13
103 18
103 2
104 3
104 7
104 2
104 6
104 6
104 2
104 2
104 16
104 3
104 6
104 3
104 6
104 6
104 5
104 16
104 4
104 5
104 15
105 6
105 18
105 7
105 15
105 16
105 6
105 2
105 7
105 8
105 2
105 13
105 11
105 16
105 0
106 3
106 6
106 2
106 6
106 6
106 2
106 6
106 15
106 6
106 2
106 13
106 2
106 6
106 2
106 2
106 4
106 15
106 14
106 6
106 13
106 6
106 15
106 2
106 2
107 2
107 13
107 11
107 15
107 2
107 2
107 6
107 13
107 3
107 3
107 6
107 0
107 14
108 17
108 2
108 18
108 14
108 6
108 16
108 6
108 2
108 5
108 5
108 8
108 6
109 17
109 17
109 16
109 6
109 5
109 5
109 17
109 6
109 0
110 11
110 2
110 6
110 14
110 2
110 8
110 7
110 8
111 6
111 11
111 5
111 8
111 8
111 0
111 6
112 8
112 13
112 4
112 10
112 11
112 6
112 6
113 17
113 6
113 14
113 17
113 6
113 11
113 2
113 13
113 16
114 11
114 17
114 6
114 5
114 16
115 14
115 14
115 5
116 9
116 19
116 8
116 13
116 17
116 16
116 15
117 6
117 2
117 18
117 0
117 2
118 11
118 6
118 15
118 0
118 2
118 11
119 9
119 15
119 14
119 11
119 0
120 8
120 2
120 6
120 4
120 2
120 17
120 15
121 15
121 8
121 15
121 8
121 13
122 15
122 11
122 0
122 6
122 7
123 11
124 16
124 6
124 2
125 2
125 16
126 8
126 11
126 15
126 8
126 4
127 14
127 6
127 12
127 0
127 15
127 4
128 8
128 8
128 8
128 15
128 4
129 10
130 4
130 8
130 11
130 9
131 0
131 7
131 2
131 3
131 7
132 12
132 3
132 17
132 16
132 9
133 7
133 11
133 7
134 11
134 3
134 6
134 6
134 5
134 8
135 11
135 11
135 3
135 11
135 14
135 12
135 17
136 0
136 7
136 17
136 2
136 7
136 7
136 8
136 15
137 2
137 17
137 7
137 13
138 3
138 3
138 8
138 12
138 9
138 14
139 6
139 8
139 2
139 19
139 16
139 17
140 11
140 15
140 6
140 4
140 9
140 14
141 3
141 8
141 8
141 16
141 15
141 8
142 11
142 8
142 7
142 2
142 0
142 8
143 10
143 9
143 10
143 7
144 16
144 3
144 5
144 9
144 17
145 4
145 15
145 5
145 3
145 15
145 7
145 14
146 16
146 7
146 2
146 13
146 11
146 14
146 8
147 10
147 3
147 8
147 7
147 19
147 6
147 14
148 8
148 6
148 17
148 13
148 10
148 16
149 14
149 9
149 18
149 13
149 4
149 17
149 15
149 6
149 4
149 16
150 14
150 3
150 4
150 9
150 15
150 2
151 8
151 8
151 9
151 12
151 4
151 14
151 3
151 8
151 16
152 6
152 9
152 19
152 3
152 11
152 13
152 14
152 8
152 8
152 8
153 9
153 8
153 2
153 17
153 7
153 11
153 0
153 3
153 6
153 7
153 13
154 4
154 8
154 13
154 10
154 8
154 7
154 10
154 4
154 17
155 9
155 3
155 10
155 14
155 6
155 15
155 7
155 7
156 16
156 3
156 16
156 17
156 17
156 8
156 4
156 17
156 2
156 8
157 9
157 0
157 7
157 2
157 16
157 6
157 3
157 17
157 15
157 14
157 2
158 8
158 3
158 6
158 8
158 3
158 2
158 9
158 17
158 6
158 7
159 3
159 15
159 7
159 2
159 8
159 7
159 3
159 2
159 7
159 6
160 15
160 14
160 14
160 15
160 2
160 7
160 7
160 7
160 17
160 9
160 17
160 4
160 3
161 3
161 8
161 16
161 14
161 7
161 7
161 6
161 9
161 8
161 8
161 3
162 9
162 9
162 8
162 9
162 15
162 7
162 7
162 3
162 14
162 3
162 19
162 3
162 15
163 4
163 9
163 8
163 15
163 17
163 16
163 6
163 7
163 3
163 6
163 14
163 7
163 4
163 4
163 14
163 4
163 15
164 3
164 15
164 8
164 7
164 3
164 14
164 7
164 4
164 8
164 10
164 8
165 8
165 13
165 0
165 14
165 3
165 16
165 7
165 6
165 9
165 9
165 6
165 2
166 15
166 6
166 4
166 17
166 3
166 3
166 13
166 3
166 9
166 1
166 10
166 16
166 15
166 9
166 16
166 4
166 9
166 12
166 0
166 7
167 3
167 3
167 17
167 8
167 4
167 9
167 3
167 15
167 9
167 3
167 4
167 8
167 8
167 17
167 15
168 10
168 3
168 16
168 4
168 13
168 9
168 12
168 6
168 2
168 7
168 17
168 15
168 11
168 16
168 3
168 16
168 17
168 17
168 17
169 7
169 2
169 3
169 8
169 14
169 7
169 6
169 14
169 8
169 15
169 14
169 4
169 4
169 10
169 14
169 16
169 13
169 7
169 7
170 7
170 2
170 8
170 0
170 16
170 8
170 10
170 0
170 15
170 8
170 5
170 10
170 10
170 17
170 4
170 10
170 9
170 16
170 5
170 7
170 16
170 9
170 8
170 12
171 15
171 12
171 16
171 7
171 14
171 0
171 3
171 14
171 14
171 2
171 13
171 16
171 8
171 4
171 10
171 7
171 10
171 15
171 17
171 8
171 11
171 7
171 15
172 4
172 9
172 2
172 8
172 0
172 16
172 11
172 0
172 14
172 15
172 16
172 16
172 15
172 8
172 16
172 13
172 4
172 14
172 16
172 15
172 3
172 13
172 2
172 13
172 17
173 1
173 3
173 13
173 0
173 8
173 7
173 7
173 8
173 14
173 19
173 0
173 3
173 8
173 8
173 6
173 18
173 0
173 2
173 7
173 11
173 8
173 9
173 17
173 5
173 17
174 0
174 17
174 5
174 4
174 8
174 7
174 7
174 11
174 0
174 16
174 6
174 9
174 3
174 14
174 9
174 7
174 8
174 17
174 10
174 0
174 13
174 3
174 17
174 7
174 17
174 15
174 7
174 17
174 4
174 12
175 10
175 10
175 13
175 8
175 7
175 6
175 13
175 16
175 16
175 3
175 6
175 11
175 2
175 8
175 17
175 10
175 16
175 10
175 14
175 9
175 7
175 5
175 2
175 6
175 16
175 10
175 6
175 10
175 14
175 17
175 10
175 7
175 2
176 11
176 19
176 6
176 2
176 14
176 16
176 14
176 17
176 8
176 14
176 10
176 1
176 0
176 17
176 14
176 16
176 3
176 8
176 13
176 10
176 4
176 10
176 2
176 16
176 14
176 17
176 2
176 4
176 6
176 7
176 8
176 10
176 16
176 14
176 7
176 7
177 7
177 13
177 14
177 1
177 17
177 8
177 4
177 16
177 3
177 13
177 17
177 6
177 11
177 3
177 7
177 14
177 19
177 17
177 13
177 8
177 14
177 17
177 15
177 7
177 13
178 2
178 10
178 14
178 7
178 7
178 10
178 8
178 0
178 10
178 4
178 13
178 2
178 13
178 0
178 13
178 13
178 3
178 13
178 8
178 14
178 13
178 6
178 14
178 8
178 16
178 1
178 11
178 7
178 15
178 1
178 6
179 16
179 8
179 8
179 17
179 19
179 12
179 6
179 14
179 18
179 8
179 6
179 16
179 2
179 16
179 14
179 3
179 10
179 14
179 6
179 10
179 18
179 17
179 6
179 19
179 0
179 13
179 0
179 9
179 18
179 10
179 14
179 17
179 16
180 17
180 14
180 8
180 19
180 2
180 10
180 3
180 6
180 15
180 7
180 17
180 7
180 3
180 1
180 17
180 10
180 17
180 10
180 8
180 7
180 10
180 14
180 13
180 3
180 10
180 9
180 13
180 17
180 10
180 0
180 8
180 13
180 13
180 7
180 7
180 7
180 11
181 2
181 7
181 11
181 15
181 9
181 17
181 9
181 15
181 3
181 13
181 0
181 0
181 14
181 16
181 19
181 8
181 8
181 16
181 14
181 13
181 2
181 7
181 17
181 13
181 8
181 13
181 7
181 6
181 3
181 8
181 3
181 19
182 14
182 17
182 12
182 10
182 4
182 1
182 4
182 2
182 0
182 13
182 7
182 15
182 0
182 3
182 15
182 14
182 2
182 10
182 12
182 4
182 3
182 10
182 7
182 16
182 7
182 8
182 17
182 17
182 17
182 17
183 8
183 10
183 13
183 1
183 8
183 3
183 7
183 17
183 2
183 10
183 13
183 17
183 7
183 13
183 9
183 7
183 10
183 17
183 7
183 8
183 8
183 10
183 8
183 6
183 0
183 8
183 3
183 17
183 14
183 12
183 3
183 16
183 12
183 17
183 17
183 0
183 16
184 0
184 3
184 12
184 13
184 3
184 16
184 2
184 7
184 16
184 16
184 8
184 9
184 17
184 0
184 3
184 17
184 12
184 14
184 13
184 7
184 17
184 2
184 7
184 8
184 2
184 17
184 11
184 10
184 14
184 13
184 18
184 7
184 0
184 4
184 9
185 16
185 4
185 7
185 16
185 17
185 13
185 7
185 0
185 13
185 17
185 8
185 17
185 8
185 17
185 16
185 9
185 18
185 2
185 1
185 13
185 17
185 16
185 15
185 19
185 10
185 11
185 8
185 4
185 0
185 8
185 19
185 7
185 0
185 16
185 17
185 15
185 1
185 7
185 2
186 17
186 11
186 11
186 13
186 8
186 18
186 11
186 17
186 6
186 16
186 5
186 5
186 7
186 9
186 4
186 16
186 8
186 6
186 16
186 13
186 8
186 10
186 14
186 10
186 8
186 9
186 16
186 17
186 12
186 7
186 2
186 7
186 14
186 13
186 19
186 7
187 4
187 1
187 7
187 8
187 13
187 11
187 3
187 17
187 14
187 4
187 11
187 8
187 6
187 0
187 16
187 1
187 16
187 17
187 1
187 6
187 14
187 10
187 11
187 17
187 3
187 17
187 8
187 17
187 11
187 17
187 12
187 10
187 13
187 15
187 6
187 10
188 18
188 14
188 11
188 11
188 14
188 0
188 9
188 14
188 17
188 14
188 16
188 0
188 17
188 4
188 1
188 19
188 6
188 6
188 5
188 7
188 17
188 8
188 1
188 1
188 0
188 8
188 11
188 2
188 17
188 13
188 17
188 17
188 6
188 3
189 2
189 18
189 8
189 13
189 17
189 3
189 10
189 16
189 3
189 8
189 6
189 14
189 11
189 16
189 0
189 14
189 13
189 10
189 0
189 2
189 7
189 13
189 17
189 2
189 8
189 16
189 14
189 8
189 15
189 17
189 10
189 2
189 18
189 13
189 13
189 7
189 10
190 7
190 8
190 1
190 7
190 10
190 14
190 13
190 14
190 16
190 13
190 17
190 2
190 16
190 17
190 17
190 0
190 17
190 11
190 16
190 0
190 3
190 14
190 16
190 1
190 13
190 7
190 10
190 17
190 7
190 7
190 8
191 3
191 8
191 2
191 17
191 7
191 0
191 7
191 17
191 17
191 8
191 17
191 16
191 18
191 4
191 12
191 0
191 3
191 11
191 14
191 0
191 10
191 0
191 7
191 13
191 10
191 13
191 17
191 9
191 19
191 14
191 13
191 1
191 14
191 12
191 14
191 1
192 2
192 1
192 3
192 1
192 16
192 1
192 8
192 16
192 11
192 16
192 12
192 17
192 2
192 3
192 1
192 16
192 17
192 11
192 6
192 19
192 10
192 2
192 2
192 7
192 16
192 15
192 17
192 17
192 7
192 11
192 13
192 8
192 15
192 7
192 7
192 17
192 10
192 3
192 7
192 8
193 1
193 1
193 3
193 14
193 0
193 17
193 3
193 10
193 14
193 6
193 17
193 17
193 5
193 6
193 7
193 1
193 7
193 16
193 8
193 3
193 2
193 17
193 6
193 8
193 3
193 8
193 4
193 0
193 9
193 5
194 17
194 10
194 17
194 0
194 13
194 11
194 17
194 1
194 13
194 6
194 1
194 13
194 8
194 11
194 3
194 7
194 3
194 7
194 0
194 7
194 9
194 1
194 17
194 19
194 4
194 11
194 2
194 11
194 3
194 19
194 16
194 0
194 14
194 4
195 17
195 17
195 16
195 14
195 0
195 8
195 8
195 17
195 0
195 2
195 17
195 0
195 8
195 10
195 8
195 7
195 15
195 8
195 17
195 0
195 8
195 13
195 13
195 1
195 1
195 17
195 4
195 11
195 7
195 9
195 2
196 8
196 16
196 16
196 4
196 18
196 8
196 6
196 2
196 17
196 17
196 14
196 3
196 7
196 7
196 4
196 4
196 1
196 14
196 13
196 14
196 0
196 0
196 2
196 16
196 2
196 18
197 13
197 1
197 15
197 9
197 0
197 14
197 13
197 0
197 11
197 13
197 12
197 14
197 2
197 17
197 13
197 17
197 3
197 0
197 0
197 17
197 14
197 5
197 1
197 10
197 4
197 8
197 14
197 7
197 2
198 0
198 3
198 7
198 13
198 17
198 6
198 6
198 15
198 0
198 18
198 7
198 3
198 7
198 16
198 2
198 13
198 11
198 17
198 10
198 15
198 10
198 4
198 7
198 17
198 13
198 8
198 13
198 0
199 13
199 7
199 6
199 8
199 13
199 2
199 10
199 13
199 2
199 0
199 4
199 10
199 17
199 11
199 16
199 0
199 17
199 8
199 13
199 2
199 11
199 8
199 8
199 13
199 19
199 13
199 14
199 11
199 16
199 1
199 11
199 17
199 17
200 0
200 13
200 18
200 17
200 0
200 17
200 14
200 14
200 16
200 0
200 8
200 0
200 13
200 13
200 11
200 9
200 6
200 16
200 3
200 8
200 2
200 7
200 16
200 7
200 17
201 2
201 6
201 17
201 17
201 13
201 17
201 0
201 13
201 13
201 13
201 17
201 3
201 7
201 15
201 2
201 13
201 1
201 7
201 0
201 16
201 3
201 8
201 16
201 8
201 14
201 11
201 16
201 2
202 2
202 19
202 8
202 17
202 0
202 13
202 0
202 17
202 13
202 5
202 1
202 2
202 17
202 0
202 17
202 17
202 0
202 16
202 0
202 17
202 0
202 7
202 2
202 8
202 14
202 7
202 0
202 3
202 12
202 17
202 8
202 4
203 10
203 9
203 13
203 13
203 10
203 5
203 9
203 9
203 8
203 13
203 0
203 14
203 9
203 2
203 1
203 7
203 0
203 3
203 6
203 15
203 8
203 17
203 13
203 17
203 14
203 2
203 6
204 13
204 13
204 14
204 0
204 5
204 18
204 17
204 8
204 7
204 17
204 0
204 2
204 8
204 8
204 8
204 3
204 12
204 1
204 7
204 8
204 8
204 11
205 13
205 1
205 6
205 18
205 13
205 4
205 17
205 8
205 13
205 9
205 16
205 17
205 0
205 9
205 1
205 0
205 18
205 13
205 14
205 15
205 1
205 2
205 16
205 17
205 8
205 16
205 3
205 13
206 14
206 8
206 2
206 1
206 1
206 3
206 16
206 17
206 13
206 8
206 2
206 8
206 14
206 13
206 0
206 10
206 12
206 1
206 8
206 13
206 8
206 3
206 1
206 17
206 7
206 17
206 17
207 0
207 6
207 7
207 4
207 8
207 5
207 6
207 5
207 0
207 9
207 0
207 0
207 17
207 2
207 2
207 8
207 7
207 17
207 11
207 7
207 0
208 14
208 1
208 7
208 16
208 9
208 13
208 6
208 8
208 15
208 7
208 11
208 17
208 14
208 11
208 4
208 16
208 8
208 4
208 3
208 7
208 8
208 8
208 13
208 14
208 6
208 12
208 13
208 2
208 1
208 1
208 17
209 19
209 3
209 13
209 7
209 9
209 4
209 14
209 8
209 1
209 0
209 17
209 8
209 2
209 4
209 7
209 1
209 9
209 11
209 15
209 14
209 10
209 17
209 8
209 16
209 12
209 13
209 14
209 10
210 13
210 0
210 8
210 9
210 3
210 7
210 15
210 10
210 1
210 8
210 17
210 11
210 2
210 17
210 13
210 7
210 5
210 2
210 14
210 6
210 12
210 1
210 14
210 7
210 8
210 19
211 3
211 10
211 0
211 9
211 13
211 13
211 13
211 14
211 4
211 11
211 17
211 17
211 13
211 8
211 9
211 14
211 2
211 13
211 17
211 0
211 6
211 1
211 16
211 19
211 13
211 10
211 13
211 1
212 17
212 13
212 11
212 14
212 10
212 0
212 14
212 14
212 14
212 14
212 1
212 2
212 1
212 18
212 0
212 16
212 8
212 8
212 18
212 14
212 15
212 2
212 17
212 8
212 8
212 14
212 15
213 16
213 10
213 7
213 10
213 8
213 1
213 11
213 13
213 1
213 15
213 3
213 4
213 8
213 16
213 6
213 1
213 17
213 13
213 13
213 0
213 0
213 1
213 7
213 1
214 7
214 3
214 8
214 14
214 13
214 1
214 13
214 13
214 0
214 9
214 14
214 7
214 18
214 14
214 0
214 9
214 0
214 1
214 13
214 3
214 8
215 15
215 11
215 9
215 7
215 8
215 2
215 7
215 6
215 6
215 9
215 13
215 0
215 0
215 1
215 18
215 13
215 17
215 11
215 10
215 6
215 6
215 7
215 10
216 0
216 3
216 1
216 14
216 4
216 8
216 14
216 7
216 14
216 7
216 7
216 1
216 0
216 11
216 8
216 10
216 11
216 8
216 17
216 17
216 14
216 16
217 1
217 13
217 15
217 17
217 13
217 0
217 8
217 8
217 14
217 17
217 13
217 0
217 8
217 4
217 1
217 16
217 16
217 1
217 3
217 13
217 5
217 9
217 1
217 14
217 6
218 1
218 1
218 8
218 4
218 11
218 7
218 4
218 9
218 1
218 11
218 0
218 9
218 13
218 13
218 10
218 11
218 17
218 0
218 0
218 3
218 1
218 3
218 5
218 11
218 5
218 11
219 14
219 13
219 8
219 1
219 0
219 0
219 11
219 9
219 14
219 8
219 11
219 4
219 14
219 14
219 17
219 1
219 8
219 4
219 17
219 17
219 14
219 7
219 14
219 8
219 14
219 17
220 3
220 6
220 13
220 2
220 1
220 1
220 9
220 9
220 6
220 11
220 1
220 13
220 19
220 3
220 9
220 15
220 16
220 10
220 8
220 3
220 2
220 6
220 1
220 10
220 13
220 13
220 8
220 0
220 15
220 1
220 7
221 5
221 14
221 8
221 1
221 7
221 9
221 8
221 2
221 13
221 1
221 9
221 10
221 3
221 11
221 4
221 0
221 0
221 9
221 14
221 15
221 12
221 2
221 2
221 17
222 0
222 15
222 1
222 13
222 14
222 14
222 16
222 10
222 3
222 0
222 8
222 19
222 13
222 17
222 13
222 11
222 10
222 1
222 8
222 5
222 17
222 0
222 15
222 1
222 10
222 12
222 10
222 0
223 7
223 5
223 11
223 10
223 0
223 11
223 13
223 16
223 1
223 14
223 8
223 8
223 14
223 10
223 0
223 0
223 2
223 10
223 17
223 11
223 17
223 10
223 17
223 17
223 10
224 1
224 15
224 17
224 14
224 13
224 7
224 16
224 5
224 2
224 2
224 0
224 16
224 12
224 8
224 10
224 10
224 1
224 10
224 8
224 8
224 4
224 7
224 14
224 8
224 13
224 7
225 4
225 1
225 8
225 2
225 8
225 16
225 8
225 0
225 0
225 8
225 1
225 1
225 17
225 13
225 17
225 6
225 7
225 13
225 1
225 0
225 17
225 14
225 10
225 13
226 4
226 3
226 9
226 10
226 16
226 11
226 3
226 1
226 15
226 0
226 0
226 7
226 17
226 13
226 0
226 3
226 0
226 0
226 17
226 17
226 14
226 1
226 13
226 6
226 9
226 4
227 15
227 0
227 10
227 16
227 13
227 4
227 4
227 10
227 5
227 10
227 16
227 4
227 13
227 1
227 11
227 12
227 13
227 3
227 0
227 10
227 17
227 14
227 17
227 13
227 7
227 4
227 11
227 1
227 11
227 1
227 0
227 14
227 9
227 8
228 13
228 3
228 1
228 8
228 14
228 11
228 10
228 4
228 11
228 8
228 11
228 0
228 13
228 13
228 13
228 15
228 17
228 14
228 9
228 1
228 1
228 14
228 2
228 9
228 2
228 13
228 17
228 1
229 14
229 13
229 10
229 17
229 8
229 13
229 13
229 0
229 13
229 4
229 16
229 1
229 17
229 2
229 8
229 17
229 13
229 7
229 0
229 3
229 12
229 14
229 14
229 9
229 15
229 13
230 12
230 1
230 5
230 11
230 1
230 8
230 4
230 2
230 17
230 15
230 14
230 10
230 9
230 1
230 17
230 4
230 1
230 10
230 16
230 1
230 13
230 1
230 2
230 8
230 8
230 10
231 13
231 1
231 4
231 0
231 1
231 0
231 18
231 13
231 14
231 2
231 17
231 14
231 1
231 17
231 9
231 9
231 14
231 1
231 17
231 14
231 16
231 4
231 14
231 1
231 0
231 2
231 10
231 8
232 6
232 13
232 5
232 15
232 0
232 10
232 7
232 4
232 13
232 1
232 17
232 8
232 8
232 14
232 1
232 6
232 17
232 7
232 10
232 4
232 13
232 7
232 13
232 13
232 1
232 4
233 16
233 16
233 11
233 7
233 19
233 17
233 19
233 11
233 11
233 13
233 5
233 0
233 10
233 8
233 1
233 14
233 17
233 13
233 11
233 0
233 17
233 16
234 1
234 13
234 4
234 10
234 8
234 0
234 17
234 13
234 13
234 13
234 0
234 17
234 11
234 7
234 4
234 8
234 13
234 11
234 0
234 1
234 4
234 17
234 3
234 9
235 6
235 13
235 17
235 0
235 12
235 1
235 3
235 15
235 8
235 4
235 10
235 17
235 13
235 0
235 1
235 14
235 15
235 0
235 17
235 4
235 16
235 1
235 17
235 16
235 13
236 0
236 13
236 10
236 2
236 13
236 9
236 13
236 13
236 17
236 5
236 0
236 3
236 10
236 16
236 8
236 10
236 0
236 3
236 13
236 0
236 10
236 1
236 13
236 13
236 8
236 0
236 0
236 0
236 0
236 0
236 13
236 10
236 13
236 11
237 13
237 19
237 13
237 6
237 17
237 1
237 2
237 6
237 17
237 15
237 0
237 14
237 10
237 0
237 17
237 14
237 1
237 13
237 9
237 6
237 3
237 9
237 8
237 14
237 6
237 7
237 11
238 14
238 15
238 9
238 16
238 14
238 10
238 1
238 14
238 8
238 16
238 12
238 0
238 7
238 15
238 8
238 17
238 0
238 13
238 1
238 9
238 9
238 0
238 8
238 8
238 8
238 4
238 9
239 3
239 11
239 13
239 10
239 1
239 9
239 14
239 0
239 13
239 6
239 13
239 7
239 1
239 8
239 1
239 13
239 11
239 14
239 17
239 1
239 6
239 16
239 0
239 15
239 0
239 1
239 8
239 10
239 3
