0 0 9
0 1 26
0 2 7
0 3 13
0 4 13
0 5 7
0 6 5
0 7 1
0 8 37
0 9 9
0 10 2
0 11 0
0 12 22
0 13 10
0 14 11
1 0 5
1 1 39
1 2 7
1 3 9
1 4 5
1 5 13
1 6 10
1 7 0
1 8 27
1 9 9
1 10 4
1 11 2
1 12 12
1 13 10
1 14 7
2 0 2
2 1 11
2 2 3
2 3 6
2 4 2
2 5 5
2 6 6
2 7 1
2 8 33
2 9 10
2 10 1
2 11 1
2 12 6
2 13 6
2 14 2
3 0 9
3 1 38
3 2 21
3 3 28
3 4 12
3 5 35
3 6 15
3 7 3
3 8 76
3 9 17
3 10 4
3 11 1
3 12 17
3 13 15
3 14 10
4 0 8
4 1 39
4 2 10
4 3 8
4 4 7
4 5 14
4 6 6
4 7 1
4 8 58
4 9 13
4 10 5
4 11 1
4 12 19
4 13 12
4 14 10
5 0 9
5 1 26
5 2 5
5 3 11
5 4 11
5 5 17
5 6 7
5 7 4
5 8 51
5 9 10
5 10 2
5 11 1
5 12 12
5 13 14
5 14 5
6 0 6
6 1 17
6 2 7
6 3 10
6 4 2
6 5 5
6 6 3
6 7 1
6 8 36
6 9 7
6 10 1
6 11 1
6 12 8
6 13 4
6 14 5
7 0 9
7 1 15
7 2 6
7 3 3
7 4 3
7 5 2
7 6 5
7 7 0
7 8 31
7 9 5
7 10 0
7 11 1
7 12 10
7 13 5
7 14 3
8 0 6
8 1 17
8 2 6
8 3 4
8 4 2
8 5 5
8 6 5
8 7 1
8 8 31
8 9 5
8 10 0
8 11 0
8 12 3
8 13 7
8 14 6
9 0 6
9 1 11
9 2 7
9 3 5
9 4 2
9 5 6
9 6 6
9 7 0
9 8 30
9 9 6
9 10 2
9 11 1
9 12 12
9 13 4
9 14 5
10 0 1
10 1 14
10 2 4
10 3 10
10 4 5
10 5 7
10 6 4
10 7 2
10 8 34
10 9 4
10 10 1
10 11 0
10 12 11
10 13 6
10 14 5
11 0 1
11 1 19
11 2 3
11 3 4
11 4 2
11 5 3
11 6 10
11 7 0
11 8 30
11 9 7
11 10 2
11 11 0
11 12 14
11 13 11
11 14 4
12 0 7
12 1 11
12 2 9
12 3 7
12 4 5
12 5 4
12 6 5
12 7 0
12 8 34
12 9 6
12 10 2
12 11 0
12 12 13
12 13 4
12 14 4
13 0 7
13 1 13
13 2 4
13 3 7
13 4 7
13 5 7
13 6 5
13 7 0
13 8 25
13 9 6
13 10 0
13 11 2
13 12 9
13 13 7
13 14 3
14 0 2
14 1 24
14 2 8
14 3 5
14 4 5
14 5 5
14 6 3
14 7 1
14 8 22
14 9 7
14 10 1
14 11 1
14 12 14
14 13 5
14 14 2
15 0 5
15 1 21
15 2 7
15 3 2
15 4 4
15 5 5
15 6 2
15 7 0
15 8 28
15 9 7
15 10 1
15 11 2
15 12 10
15 13 3
15 14 6
16 0 3
16 1 13
16 2 6
16 3 7
16 4 2
16 5 7
16 6 9
16 7 0
16 8 21
16 9 5
16 10 1
16 11 2
16 12 14
16 13 4
16 14 4
17 0 2
17 1 11
17 2 8
17 3 8
17 4 2
17 5 5
17 6 5
17 7 0
17 8 23
17 9 5
17 10 0
17 11 0
17 12 12
17 13 5
17 14 5
18 0 7
18 1 7
18 2 13
18 3 10
18 4 2
18 5 2
18 6 5
18 7 0
18 8 25
18 9 4
18 10 1
18 11 0
18 12 7
18 13 5
18 14 2
19 0 9
19 1 31
19 2 22
19 3 27
19 4 19
19 5 9
19 6 16
19 7 0
19 8 35
19 9 22
19 10 4
19 11 3
19 12 22
19 13 24
19 14 11
20 0 6
20 1 15
20 2 6
20 3 6
20 4 1
20 5 6
20 6 8
20 7 1
20 8 26
20 9 9
20 10 2
20 11 0
20 12 14
20 13 8
20 14 10
21 0 3
21 1 20
21 2 4
21 3 16
21 4 9
21 5 4
21 6 5
21 7 3
21 8 24
21 9 16
21 10 3
21 11 3
21 12 9
21 13 9
21 14 13
22 0 1
22 1 10
22 2 5
22 3 4
22 4 2
22 5 4
22 6 5
22 7 1
22 8 19
22 9 5
22 10 0
22 11 0
22 12 9
22 13 6
22 14 6
23 0 9
23 1 54
23 2 48
23 3 62
23 4 30
23 5 28
23 6 38
23 7 2
23 8 86
23 9 57
23 10 5
23 11 8
23 12 69
23 13 28
23 14 48
24 0 4
24 1 36
24 2 45
24 3 41
24 4 11
24 5 16
24 6 30
24 7 0
24 8 52
24 9 28
24 10 7
24 11 4
24 12 33
24 13 27
24 14 25
25 0 0
25 1 42
25 2 28
25 3 28
25 4 14
25 5 13
25 6 14
25 7 5
25 8 38
25 9 26
25 10 7
25 11 2
25 12 23
25 13 24
25 14 21
26 0 1
26 1 41
26 2 26
26 3 25
26 4 8
26 5 16
26 6 13
26 7 2
26 8 36
26 9 22
26 10 6
26 11 4
26 12 19
26 13 14
26 14 17
27 0 2
27 1 8
27 2 0
27 3 6
27 4 2
27 5 0
27 6 2
27 7 0
27 8 6
27 9 4
27 10 1
27 11 0
27 12 4
27 13 5
27 14 2
28 0 1
28 1 4
28 2 10
28 3 5
28 4 1
28 5 3
28 6 3
28 7 1
28 8 5
28 9 7
28 10 1
28 11 1
28 12 5
28 13 5
28 14 12
29 0 0
29 1 4
29 2 6
29 3 4
29 4 2
29 5 1
29 6 1
29 7 0
29 8 6
29 9 3
29 10 1
29 11 0
29 12 1
29 13 3
29 14 4
30 0 0
30 1 6
30 2 4
30 3 6
30 4 0
30 5 2
30 6 3
30 7 1
30 8 7
30 9 7
30 10 1
30 11 1
30 12 1
30 13 2
30 14 1
31 0 1
31 1 22
31 2 24
31 3 18
31 4 9
31 5 11
31 6 7
31 7 4
31 8 15
31 9 23
31 10 0
31 11 0
31 12 10
31 13 7
31 14 16
32 0 1
32 1 31
32 2 37
32 3 27
32 4 8
32 5 9
32 6 7
32 7 2
32 8 24
32 9 23
32 10 2
32 11 1
32 12 10
32 13 13
32 14 16
33 0 0
33 1 24
33 2 35
33 3 28
33 4 9
33 5 7
33 6 12
33 7 1
33 8 20
33 9 24
33 10 2
33 11 3
33 12 21
33 13 27
33 14 23
34 0 0
34 1 22
34 2 41
34 3 18
34 4 17
34 5 7
34 6 12
34 7 1
34 8 18
34 9 30
34 10 2
34 11 4
34 12 19
34 13 18
34 14 22
35 0 0
35 1 11
35 2 20
35 3 7
35 4 4
35 5 2
35 6 7
35 7 0
35 8 4
35 9 14
35 10 1
35 11 1
35 12 3
35 13 5
35 14 10
36 0 0
36 1 2
36 2 8
36 3 4
36 4 1
36 5 0
36 6 1
36 7 2
36 8 5
36 9 3
36 10 2
36 11 0
36 12 0
36 13 1
36 14 0
37 0 0
37 1 4
37 2 1
37 3 1
37 4 2
37 5 1
37 6 0
37 7 1
37 8 0
37 9 0
37 10 1
37 11 0
37 12 3
37 13 0
37 14 2
38 0 0
38 1 2
38 2 1
38 3 1
38 4 1
38 5 2
38 6 1
38 7 0
38 8 2
38 9 0
38 10 1
38 11 0
38 12 3
38 13 0
38 14 3
39 0 0
39 1 8
39 2 4
39 3 6
39 4 3
39 5 2
39 6 5
39 7 1
39 8 7
39 9 8
39 10 0
39 11 2
39 12 2
39 13 2
39 14 6
40 0 0
40 1 2
40 2 3
40 3 2
40 4 2
40 5 0
40 6 3
40 7 0
40 8 2
40 9 2
40 10 5
40 11 1
40 12 2
40 13 3
40 14 6
41 0 0
41 1 1
41 2 1
41 3 0
41 4 0
41 5 1
41 6 0
41 7 0
41 8 2
41 9 0
41 10 0
41 11 0
41 12 0
41 13 1
41 14 3
42 0 0
42 1 2
42 2 1
42 3 1
42 4 0
42 5 0
42 6 1
42 7 0
42 8 2
42 9 1
42 10 0
42 11 0
42 12 0
42 13 0
42 14 1
43 0 0
43 1 5
43 2 5
43 3 5
43 4 1
43 5 2
43 6 1
43 7 0
43 8 5
43 9 4
43 10 0
43 11 1
43 12 2
43 13 0
43 14 1
44 0 0
44 1 11
44 2 4
44 3 4
44 4 3
44 5 6
44 6 1
44 7 1
44 8 4
44 9 5
44 10 2
44 11 1
44 12 2
44 13 3
44 14 6
45 0 0
45 1 5
45 2 8
45 3 3
45 4 4
45 5 5
45 6 6
45 7 0
45 8 1
45 9 6
45 10 2
45 11 1
45 12 2
45 13 3
45 14 4
46 0 0
46 1 1
46 2 3
46 3 7
46 4 1
46 5 5
46 6 3
46 7 1
46 8 4
46 9 5
46 10 1
46 11 2
46 12 1
46 13 3
46 14 2
47 0 0
47 1 5
47 2 2
47 3 7
47 4 2
47 5 6
47 6 2
47 7 0
47 8 4
47 9 5
47 10 1
47 11 0
47 12 2
47 13 3
47 14 7
48 0 1
48 1 4
48 2 4
48 3 5
48 4 0
48 5 4
48 6 6
48 7 0
48 8 3
48 9 4
48 10 0
48 11 1
48 12 1
48 13 3
48 14 3
49 0 0
49 1 2
49 2 1
49 3 3
49 4 1
49 5 4
49 6 0
49 7 1
49 8 2
49 9 6
49 10 4
49 11 0
49 12 1
49 13 4
49 14 6
50 0 0
50 1 2
50 2 4
50 3 6
50 4 1
50 5 1
50 6 5
50 7 1
50 8 2
50 9 1
50 10 0
50 11 0
50 12 3
50 13 3
50 14 8
51 0 1
51 1 2
51 2 3
51 3 8
51 4 6
51 5 1
51 6 4
51 7 1
51 8 4
51 9 1
51 10 4
51 11 1
51 12 4
51 13 7
51 14 7
52 0 0
52 1 3
52 2 1
52 3 5
52 4 4
52 5 3
52 6 5
52 7 4
52 8 5
52 9 2
52 10 5
52 11 2
52 12 3
52 13 8
52 14 5
53 0 0
53 1 5
53 2 4
53 3 8
53 4 6
53 5 2
53 6 7
53 7 1
53 8 3
53 9 3
53 10 2
53 11 0
53 12 7
53 13 12
53 14 4
54 0 0
54 1 7
54 2 9
54 3 17
54 4 4
54 5 5
54 6 12
54 7 2
54 8 2
54 9 7
54 10 3
54 11 2
54 12 6
54 13 12
54 14 10
55 0 3
55 1 11
55 2 10
55 3 18
55 4 8
55 5 9
55 6 12
55 7 3
55 8 8
55 9 4
55 10 4
55 11 3
55 12 12
55 13 21
55 14 14
56 0 1
56 1 13
56 2 16
56 3 17
56 4 12
56 5 5
56 6 11
56 7 0
56 8 10
56 9 8
56 10 4
56 11 5
56 12 9
56 13 18
56 14 8
57 0 1
57 1 10
57 2 5
57 3 29
57 4 12
57 5 6
57 6 9
57 7 4
57 8 11
57 9 6
57 10 7
57 11 3
57 12 8
57 13 21
57 14 17
58 0 4
58 1 19
58 2 9
58 3 23
58 4 6
58 5 11
58 6 12
58 7 5
58 8 23
58 9 11
58 10 5
58 11 2
58 12 18
58 13 26
58 14 11
59 0 3
59 1 26
59 2 7
59 3 34
59 4 9
59 5 11
59 6 8
59 7 1
59 8 13
59 9 21
59 10 8
59 11 3
59 12 9
59 13 15
59 14 17
60 0 7
60 1 29
60 2 16
60 3 30
60 4 7
60 5 12
60 6 16
60 7 3
60 8 25
60 9 8
60 10 5
60 11 4
60 12 26
60 13 12
60 14 12
61 0 8
61 1 24
61 2 8
61 3 36
61 4 8
61 5 13
61 6 16
61 7 3
61 8 22
61 9 13
61 10 7
61 11 3
61 12 17
61 13 16
61 14 15
62 0 15
62 1 32
62 2 11
62 3 27
62 4 8
62 5 13
62 6 9
62 7 3
62 8 40
62 9 17
62 10 6
62 11 1
62 12 14
62 13 21
62 14 15
63 0 10
63 1 28
63 2 9
63 3 32
63 4 8
63 5 14
63 6 17
63 7 2
63 8 34
63 9 13
63 10 6
63 11 4
63 12 21
63 13 8
63 14 11
64 0 10
64 1 30
64 2 4
64 3 27
64 4 6
64 5 10
64 6 14
64 7 2
64 8 32
64 9 12
64 10 3
64 11 2
64 12 22
64 13 16
64 14 18
65 0 9
65 1 24
65 2 10
65 3 28
65 4 6
65 5 14
65 6 16
65 7 4
65 8 15
65 9 8
65 10 8
65 11 2
65 12 26
65 13 18
65 14 9
66 0 8
66 1 27
66 2 12
66 3 27
66 4 2
66 5 12
66 6 11
66 7 2
66 8 29
66 9 10
66 10 3
66 11 4
66 12 15
66 13 15
66 14 14
67 0 19
67 1 26
67 2 11
67 3 23
67 4 10
67 5 13
67 6 9
67 7 0
67 8 24
67 9 9
67 10 5
67 11 2
67 12 13
67 13 11
67 14 10
68 0 14
68 1 16
68 2 7
68 3 22
68 4 11
68 5 11
68 6 12
68 7 2
68 8 26
68 9 10
68 10 3
68 11 2
68 12 13
68 13 9
68 14 6
69 0 24
69 1 33
69 2 14
69 3 46
69 4 20
69 5 11
69 6 27
69 7 3
69 8 39
69 9 18
69 10 11
69 11 4
69 12 9
69 13 12
69 14 9
70 0 26
70 1 30
70 2 11
70 3 42
70 4 12
70 5 15
70 6 22
70 7 4
70 8 32
70 9 19
70 10 7
70 11 5
70 12 14
70 13 17
70 14 19
71 0 24
71 1 24
71 2 11
71 3 21
71 4 17
71 5 13
71 6 18
71 7 1
71 8 32
71 9 19
71 10 5
71 11 7
71 12 8
71 13 12
71 14 14
72 0 13
72 1 21
72 2 7
72 3 17
72 4 8
72 5 9
72 6 19
72 7 3
72 8 28
72 9 12
72 10 6
72 11 3
72 12 9
72 13 10
72 14 11
73 0 14
73 1 19
73 2 9
73 3 13
73 4 11
73 5 10
73 6 12
73 7 1
73 8 27
73 9 4
73 10 6
73 11 1
73 12 11
73 13 6
73 14 5
74 0 9
74 1 22
74 2 3
74 3 8
74 4 13
74 5 13
74 6 6
74 7 3
74 8 35
74 9 10
74 10 6
74 11 2
74 12 21
74 13 13
74 14 12
75 0 7
75 1 17
75 2 12
75 3 18
75 4 8
75 5 10
75 6 17
75 7 2
75 8 30
75 9 6
75 10 5
75 11 1
75 12 6
75 13 8
75 14 10
76 0 9
76 1 23
76 2 8
76 3 12
76 4 8
76 5 6
76 6 10
76 7 2
76 8 28
76 9 15
76 10 3
76 11 3
76 12 12
76 13 3
76 14 10
77 0 8
77 1 25
77 2 5
77 3 9
77 4 7
77 5 1
77 6 6
77 7 1
77 8 27
77 9 16
77 10 5
77 11 2
77 12 19
77 13 11
77 14 8
78 0 5
78 1 20
78 2 6
78 3 10
78 4 5
78 5 15
78 6 12
78 7 2
78 8 25
78 9 12
78 10 6
78 11 7
78 12 11
78 13 17
78 14 8
79 0 13
79 1 36
79 2 9
79 3 30
79 4 20
79 5 18
79 6 23
79 7 2
79 8 59
79 9 18
79 10 9
79 11 8
79 12 26
79 13 10
79 14 14
80 0 0
80 1 0
80 2 0
80 3 0
80 4 0
80 5 0
80 6 0
80 7 0
80 8 0
80 9 0
80 10 0
80 11 0
80 12 0
80 13 0
80 14 0
81 0 0
81 1 0
81 2 0
81 3 0
81 4 0
81 5 0
81 6 0
81 7 0
81 8 0
81 9 0
81 10 0
81 11 0
81 12 0
81 13 0
81 14 0
82 0 0
82 1 0
82 2 0
82 3 0
82 4 0
82 5 0
82 6 0
82 7 0
82 8 0
82 9 0
82 10 0
82 11 0
82 12 0
82 13 0
82 14 0
83 0 0
83 1 0
83 2 0
83 3 0
83 4 0
83 5 0
83 6 0
83 7 0
83 8 0
83 9 0
83 10 0
83 11 0
83 12 0
83 13 0
83 14 0
84 0 0
84 1 0
84 2 0
84 3 0
84 4 0
84 5 0
84 6 0
84 7 0
84 8 0
84 9 0
84 10 0
84 11 0
84 12 0
84 13 0
84 14 0
85 0 0
85 1 0
85 2 0
85 3 0
85 4 0
85 5 0
85 6 0
85 7 0
85 8 0
85 9 0
85 10 0
85 11 0
85 12 0
85 13 0
85 14 0
86 0 0
86 1 0
86 2 0
86 3 0
86 4 0
86 5 0
86 6 0
86 7 0
86 8 0
86 9 0
86 10 0
86 11 0
86 12 0
86 13 0
86 14 0
87 0 0
87 1 0
87 2 0
87 3 0
87 4 0
87 5 0
87 6 0
87 7 0
87 8 0
87 9 0
87 10 0
87 11 0
87 12 0
87 13 0
87 14 0
88 0 0
88 1 0
88 2 0
88 3 0
88 4 0
88 5 0
88 6 0
88 7 0
88 8 0
88 9 0
88 10 0
88 11 0
88 12 0
88 13 0
88 14 0
89 0 0
89 1 0
89 2 0
89 3 0
89 4 0
89 5 0
89 6 0
89 7 0
89 8 0
89 9 0
89 10 0
89 11 0
89 12 0
89 13 0
89 14 0
90 0 0
90 1 0
90 2 0
90 3 0
90 4 0
90 5 0
90 6 0
90 7 0
90 8 0
90 9 0
90 10 0
90 11 0
90 12 0
90 13 0
90 14 0
91 0 0
91 1 0
91 2 0
91 3 0
91 4 0
91 5 0
91 6 0
91 7 0
91 8 0
91 9 0
91 10 0
91 11 0
91 12 0
91 13 0
91 14 0
92 0 0
92 1 0
92 2 0
92 3 0
92 4 0
92 5 0
92 6 0
92 7 0
92 8 0
92 9 0
92 10 0
92 11 0
92 12 0
92 13 0
92 14 0
93 0 0
93 1 0
93 2 0
93 3 0
93 4 0
93 5 0
93 6 0
93 7 0
93 8 0
93 9 0
93 10 0
93 11 0
93 12 0
93 13 0
93 14 0
94 0 0
94 1 0
94 2 0
94 3 0
94 4 0
94 5 0
94 6 0
94 7 0
94 8 0
94 9 0
94 10 0
94 11 0
94 12 0
94 13 0
94 14 0
95 0 0
95 1 0
95 2 0
95 3 0
95 4 0
95 5 0
95 6 0
95 7 0
95 8 0
95 9 0
95 10 0
95 11 0
95 12 0
95 13 0
95 14 0
