0 109
0 44
0 191
0 115
0 160
0 15
0 71
0 173
0 54
0 147
0 106
0 160
0 83
0 126
0 52
0 181
0 166
0 147
0 81
0 53
0 152
0 53
0 166
0 170
0 148
0 106
0 103
0 42
0 19
0 2
0 98
0 122
0 133
0 2
0 48
0 101
0 2
0 180
0 10
0 22
0 115
0 129
0 24
0 43
0 161
0 151
0 85
0 37
0 134
0 159
0 119
0 119
0 48
0 1
0 115
0 166
0 71
0 45
0 133
0 36
0 192
0 149
0 20
0 110
0 118
0 52
0 72
0 175
0 1
0 161
0 163
0 11
0 108
0 140
0 1
0 36
0 183
0 71
0 54
0 66
0 71
0 8
0 62
0 8
0 16
0 134
0 27
0 169
0 16
0 36
0 189
0 54
0 18
0 115
0 103
0 154
0 98
0 98
0 0
0 94
0 186
0 166
0 186
0 139
0 28
0 186
0 173
0 1
0 10
0 151
0 167
0 166
0 54
0 48
0 125
0 37
0 2
0 1
0 2
0 25
0 23
0 54
0 129
0 43
0 47
0 7
0 71
0 75
0 26
0 144
0 37
0 166
0 23
0 189
0 167
0 83
0 142
0 133
0 161
0 125
0 42
0 11
0 159
0 83
0 147
0 143
0 103
0 2
0 89
0 177
0 145
0 96
0 161
0 98
0 1
0 161
0 118
0 163
0 75
0 156
0 18
0 36
0 54
0 161
0 36
0 146
0 66
0 146
0 48
0 42
0 152
0 35
0 42
0 188
0 96
0 22
0 44
0 23
0 1
0 48
0 167
0 98
0 119
0 36
0 1
0 1
0 152
0 11
0 135
0 163
0 93
0 94
0 130
0 51
0 146
0 42
0 1
0 22
0 145
0 54
0 43
0 130
0 16
0 75
0 15
0 37
0 16
0 144
0 1
0 131
0 22
0 93
0 43
0 167
0 161
0 8
0 23
0 70
0 79
0 9
0 43
0 37
0 22
0 120
0 48
0 161
0 2
0 117
0 1
0 171
0 133
0 1
0 48
0 53
0 56
0 145
0 16
0 22
0 90
0 23
0 83
0 101
0 173
0 182
0 19
0 139
0 146
0 39
0 161
0 12
0 102
0 60
0 186
0 136
0 103
0 64
0 33
0 18
0 27
0 94
0 152
0 56
0 25
0 69
0 51
0 185
0 3
0 163
0 48
0 54
0 0
0 48
0 163
0 115
0 144
0 189
0 189
0 42
0 66
0 118
0 75
0 145
0 94
0 1
0 147
0 67
0 189
0 129
0 16
0 149
0 1
0 142
0 130
0 2
0 15
0 131
0 9
0 146
0 33
0 146
0 175
0 118
0 97
0 4
0 51
0 1
0 163
0 161
0 118
0 98
0 1
0 162
0 56
0 120
0 44
0 2
0 96
0 0
0 90
0 31
0 151
0 171
0 71
0 11
0 63
0 16
0 35
0 67
0 119
0 66
0 79
0 16
0 1
0 117
0 78
0 152
0 48
0 103
0 0
0 161
0 1
0 161
0 43
0 149
0 22
0 147
0 189
0 121
0 1
0 91
0 147
0 190
0 10
0 147
0 22
0 186
0 22
0 150
0 75
0 170
0 79
0 162
0 14
0 91
0 118
0 110
0 188
0 189
0 161
0 147
0 149
0 42
0 119
0 119
0 20
0 162
0 189
0 47
0 3
0 1
0 24
0 34
0 180
0 14
0 0
0 170
0 102
0 55
0 2
0 116
0 54
0 147
0 189
0 48
0 190
0 142
0 94
0 21
0 39
0 13
0 71
0 130
0 34
0 98
0 80
0 145
0 18
0 79
0 115
0 189
0 11
0 152
0 102
0 159
0 48
0 152
0 42
0 15
0 118
0 54
0 87
0 24
0 140
0 131
0 146
0 49
0 166
0 1
0 83
0 53
0 118
0 145
0 48
0 0
0 167
0 154
0 56
0 33
0 16
0 140
0 186
0 163
0 163
0 7
0 145
0 149
0 98
0 146
0 90
0 2
0 115
0 24
0 93
0 98
0 161
0 8
0 43
0 142
0 156
0 53
0 0
0 15
0 147
0 54
0 96
0 44
0 48
0 154
1 144
1 194
1 1
1 2
1 12
1 23
1 71
1 1
1 110
1 43
1 142
1 83
1 42
1 27
1 53
1 98
1 89
1 98
1 36
1 62
1 33
1 56
1 144
1 1
1 51
1 163
1 81
1 0
1 71
1 118
1 80
1 161
1 170
1 140
1 79
1 68
1 23
1 125
1 98
1 163
1 156
1 80
1 167
1 142
1 20
1 129
1 97
1 1
1 103
1 19
1 66
1 143
1 1
1 114
1 167
1 183
1 66
1 3
1 39
1 48
1 70
1 23
1 161
1 68
1 98
1 53
1 118
1 96
1 140
1 1
1 13
1 52
1 20
1 147
1 181
1 192
1 98
1 118
1 118
1 164
1 15
1 160
1 119
1 189
1 152
1 69
1 170
1 189
1 48
1 80
1 59
1 79
1 161
1 115
1 120
1 96
1 151
1 90
1 2
1 23
1 67
1 48
1 11
1 165
1 84
1 33
1 66
1 70
1 183
1 149
1 69
1 73
1 83
1 146
1 8
1 67
1 189
1 166
1 144
1 11
1 163
1 2
1 79
1 84
1 63
1 84
1 59
1 2
1 149
1 115
1 167
1 3
1 7
1 47
1 42
1 69
1 144
1 66
1 89
1 129
1 186
1 144
1 52
1 148
1 147
1 2
1 29
1 152
1 162
1 189
1 89
1 149
1 135
1 71
1 156
1 161
1 89
1 91
1 11
1 161
1 80
1 79
1 118
1 115
1 160
1 79
1 35
1 45
1 10
1 1
1 98
1 8
1 144
1 115
1 28
1 189
1 61
1 59
1 22
1 133
1 14
1 7
1 160
1 147
1 112
1 1
1 2
1 181
1 19
1 139
1 15
1 167
1 23
1 23
1 48
1 167
1 170
1 119
1 73
1 101
1 143
1 1
1 23
1 143
1 102
1 167
1 129
1 44
1 98
1 14
1 54
1 101
1 135
1 161
1 133
1 7
1 9
1 71
1 98
1 136
1 146
1 163
1 22
1 71
1 167
1 142
1 81
1 159
1 161
1 7
1 151
1 94
1 143
1 71
1 4
1 94
1 61
1 23
1 7
1 164
1 24
1 54
1 2
1 96
1 79
1 71
1 189
1 151
1 171
1 55
1 84
1 163
1 96
1 152
1 71
1 80
1 54
1 23
1 2
1 118
1 144
1 183
1 168
1 16
1 163
1 171
1 118
1 7
1 15
1 136
1 73
1 171
1 146
1 85
1 102
1 145
1 162
1 156
1 96
1 98
1 146
1 119
1 145
1 148
1 161
1 70
1 2
1 165
1 149
1 28
1 8
1 1
1 139
1 122
1 2
1 111
1 188
1 128
1 190
1 22
1 151
1 42
1 162
1 22
1 131
1 71
1 70
1 11
1 118
1 119
1 18
1 167
1 189
1 147
1 102
1 12
1 27
1 1
1 144
1 166
1 81
1 156
1 23
1 48
1 8
1 161
1 48
1 59
1 186
1 147
1 160
1 154
1 126
1 54
1 43
1 161
1 140
1 36
1 144
1 81
1 85
1 59
1 144
1 1
1 63
1 136
1 51
1 144
1 151
1 23
1 79
1 135
1 119
1 102
1 97
1 36
1 69
1 91
1 183
1 147
1 16
1 160
1 8
1 143
1 42
1 131
1 23
1 146
1 59
1 3
1 131
1 161
1 47
1 143
1 35
1 27
1 48
1 131
1 181
1 83
1 135
1 54
1 142
1 20
1 80
1 59
1 111
1 31
1 23
1 126
1 79
1 128
1 162
1 89
1 80
1 133
1 183
1 163
1 67
1 79
1 161
1 48
1 48
1 183
1 142
1 1
1 44
1 152
1 98
1 103
1 23
1 136
1 84
1 154
1 59
1 79
1 164
1 70
1 71
1 81
1 129
1 148
1 111
1 54
1 122
1 163
1 155
1 6
1 118
1 27
1 81
1 87
1 81
1 48
1 48
1 1
1 111
1 53
1 168
1 51
1 43
1 89
1 84
1 152
1 102
1 146
1 67
1 36
1 23
1 98
1 139
1 2
1 133
1 161
1 102
1 53
1 89
1 163
1 128
1 144
1 189
1 129
1 111
1 94
1 23
1 1
1 166
1 96
1 161
1 117
1 22
1 118
1 89
1 71
1 144
1 7
1 23
1 48
1 91
1 136
1 129
1 151
1 125
1 37
1 33
1 12
1 102
1 133
1 2
1 40
1 43
1 71
1 156
1 66
1 48
1 59
1 75
1 152
1 23
1 31
1 59
1 48
1 133
1 166
1 75
1 165
1 16
1 125
1 98
1 2
1 67
1 89
1 102
1 166
1 146
1 158
1 165
1 34
1 189
1 36
1 23
1 18
1 113
1 173
1 122
1 168
1 159
1 32
1 67
1 79
2 81
2 98
2 183
2 183
2 52
2 22
2 188
2 161
2 49
2 129
2 71
2 12
2 142
2 125
2 83
2 91
2 149
2 98
2 49
2 63
2 37
2 152
2 151
2 191
2 119
2 173
2 87
2 71
2 83
2 152
2 89
2 96
2 98
2 3
2 16
2 160
2 144
2 48
2 54
2 48
2 122
2 102
2 51
2 146
2 51
2 39
2 120
2 48
2 16
2 7
2 167
2 42
2 101
2 152
2 79
2 2
2 134
2 146
2 16
2 115
2 146
2 154
2 20
2 152
2 133
2 1
2 96
2 71
2 98
2 81
2 8
2 8
2 148
2 130
2 98
2 194
2 79
2 118
2 144
2 152
2 169
2 133
2 28
2 151
2 152
2 37
2 71
2 54
2 173
2 42
2 53
2 3
2 2
2 8
2 33
2 171
2 189
2 166
2 129
2 152
2 169
2 84
2 190
2 150
2 167
2 67
2 166
2 2
2 2
2 103
2 55
2 79
2 186
2 28
2 189
2 89
2 48
2 161
2 112
2 144
2 133
2 2
2 18
2 19
2 171
2 25
2 7
2 120
2 161
2 2
2 27
2 2
2 66
2 144
2 8
2 118
2 147
2 67
2 144
2 20
2 23
2 170
2 91
2 101
2 89
2 31
2 9
2 122
2 32
2 136
2 42
2 166
2 145
2 47
2 23
2 186
2 63
2 48
2 33
2 22
2 54
2 189
2 101
2 15
2 91
2 69
2 59
2 71
2 2
2 75
2 20
2 81
2 11
2 71
2 44
2 12
2 49
2 36
2 163
2 129
2 176
2 33
2 129
2 7
2 181
2 129
2 80
2 119
2 22
2 152
2 66
2 181
2 67
2 34
2 2
2 1
2 52
2 146
2 189
2 48
2 49
2 35
2 146
2 149
2 118
2 164
2 167
2 186
2 167
2 0
2 48
2 16
2 134
2 146
2 163
2 11
2 144
2 189
2 71
2 166
2 170
2 7
2 134
2 49
2 47
2 83
2 3
2 16
2 89
2 2
2 1
2 64
2 36
2 71
2 90
2 96
2 79
2 118
2 59
2 96
2 151
2 0
2 144
2 59
2 161
2 79
2 22
2 48
2 35
2 28
2 70
2 10
2 98
2 100
2 120
2 22
2 8
2 2
2 182
2 122
2 173
2 98
2 1
2 71
2 27
2 189
2 36
2 151
2 8
2 166
2 129
2 3
2 16
2 144
2 118
2 80
2 48
2 3
2 66
2 84
2 167
2 37
2 93
2 177
2 182
2 177
2 16
2 161
2 161
2 73
2 166
2 42
2 102
2 118
2 133
2 43
2 11
2 64
2 101
2 6
2 91
2 1
2 1
2 115
2 10
2 33
2 63
2 0
2 144
2 80
2 75
2 28
2 48
2 42
2 96
2 144
2 75
2 22
2 16
2 118
2 98
2 80
2 22
2 84
2 188
2 66
2 6
2 10
2 101
2 1
2 134
2 27
2 161
2 63
2 51
2 19
2 18
2 27
2 151
2 10
2 11
2 108
2 53
2 2
2 81
2 148
2 59
2 56
2 189
2 43
2 102
2 146
2 56
2 166
2 173
2 10
2 89
2 35
2 133
2 44
2 183
2 173
2 109
2 161
2 137
2 3
2 139
2 185
2 1
2 33
2 27
2 33
2 9
2 33
2 42
2 2
2 16
2 116
2 71
2 143
2 112
2 166
2 2
2 16
2 181
2 22
2 130
2 80
2 161
2 186
2 144
2 64
2 49
2 63
2 161
2 11
2 165
2 106
2 119
2 22
2 188
2 70
2 67
2 167
2 2
2 43
2 23
2 188
2 67
2 90
2 14
2 0
2 26
2 111
2 83
2 35
2 94
2 48
2 56
2 60
2 48
2 141
2 2
2 98
2 80
2 192
2 166
2 16
2 22
2 22
2 106
2 161
2 118
2 8
2 42
2 4
2 167
2 142
2 2
2 173
2 37
2 142
2 59
2 79
2 106
2 93
2 129
2 10
2 37
2 186
2 129
2 54
2 54
2 103
2 98
2 16
2 148
2 8
2 144
2 71
2 147
2 43
2 78
2 16
2 0
2 151
2 182
2 158
2 3
2 101
2 102
2 37
2 34
2 56
2 71
2 70
2 27
2 42
2 79
2 84
2 37
2 31
2 139
2 189
2 167
2 67
2 122
2 166
2 44
2 80
2 167
2 66
2 59
2 151
2 0
2 69
2 31
2 23
2 93
2 56
2 48
2 14
2 79
2 27
2 118
2 31
2 52
2 3
2 47
2 59
2 43
2 98
2 118
2 166
2 101
2 54
2 44
2 50
2 2
2 150
2 167
2 31
2 6
2 3
2 161
2 48
2 98
2 9
2 43
2 20
2 70
2 166
2 135
2 165
2 143
2 80
2 161
2 10
2 98
2 109
2 8
2 167
2 0
2 101
2 125
2 43
2 189
2 149
2 63
2 67
2 98
2 144
2 19
2 22
2 37
2 111
2 67
2 144
2 33
2 78
2 101
2 122
2 161
2 79
2 47
2 28
2 48
2 98
2 152
2 7
2 117
2 188
2 129
2 106
2 102
2 151
2 142
2 18
2 165
2 2
2 98
2 142
2 118
2 150
3 101
3 42
3 186
3 1
3 59
3 182
3 15
3 183
3 120
3 144
3 42
3 129
3 111
3 167
3 2
3 91
3 158
3 48
3 23
3 118
3 49
3 27
3 118
3 81
3 119
3 26
3 1
3 71
3 164
3 171
3 66
3 147
3 147
3 43
3 177
3 52
3 31
3 150
3 148
3 67
3 16
3 44
3 1
3 93
3 23
3 61
3 151
3 129
3 2
3 122
3 75
3 2
3 188
3 115
3 2
3 142
3 133
3 101
3 185
3 150
3 54
3 39
3 94
3 52
3 1
3 51
3 2
3 70
3 154
3 48
3 144
3 51
3 25
3 42
3 122
3 48
3 159
3 34
3 187
3 52
3 48
3 159
3 171
3 173
3 98
3 144
3 22
3 145
3 33
3 2
3 43
3 63
3 125
3 11
3 96
3 130
3 48
3 44
3 7
3 60
3 63
3 119
3 125
3 166
3 166
3 16
3 6
3 22
3 147
3 173
3 43
3 175
3 2
3 100
3 106
3 173
3 71
3 63
3 137
3 67
3 2
3 103
3 166
3 14
3 28
3 144
3 80
3 71
3 1
3 94
3 189
3 91
3 151
3 152
3 2
3 167
3 173
3 122
3 70
3 39
3 160
3 115
3 48
3 80
3 112
3 102
3 84
3 189
3 71
3 111
3 47
3 27
3 146
3 122
3 80
3 48
3 103
3 157
3 71
3 94
3 117
3 135
3 91
3 2
3 15
3 161
3 62
3 102
3 84
3 135
3 189
3 44
3 19
3 144
3 42
3 162
3 135
3 167
3 166
3 145
3 33
3 167
3 93
3 67
3 102
3 106
3 106
3 188
3 2
3 139
3 23
3 142
3 52
3 87
3 173
3 188
3 3
3 117
3 152
3 162
3 119
3 79
3 146
3 27
3 154
3 27
3 84
3 136
3 167
3 111
3 60
3 182
3 129
3 95
3 148
3 122
3 142
3 98
3 125
3 16
3 98
3 1
3 103
3 147
3 33
3 161
3 103
3 156
3 190
3 144
3 43
3 144
3 186
3 89
3 37
3 116
3 89
3 161
3 48
3 154
3 135
3 166
3 144
3 8
3 139
3 160
3 161
3 146
3 84
3 96
3 80
3 6
3 1
3 37
3 16
3 48
3 177
3 15
3 144
3 161
3 42
3 106
3 37
3 89
3 1
3 103
3 139
3 54
3 161
3 52
3 143
3 161
3 162
3 48
3 90
3 27
3 181
3 98
3 54
3 60
3 104
3 134
3 144
3 84
3 1
3 20
3 7
3 102
3 69
3 1
3 142
3 70
3 2
3 147
3 167
3 98
3 11
3 136
3 48
3 37
3 16
3 144
3 48
3 48
3 147
3 96
3 2
3 166
3 1
3 18
3 1
3 48
3 118
3 163
3 31
3 158
3 134
3 98
3 142
3 20
3 101
3 48
3 147
3 111
3 2
3 142
3 162
3 102
3 31
3 170
3 18
3 129
3 28
3 56
3 113
3 56
3 118
3 115
3 59
3 63
3 98
3 1
3 163
3 111
3 89
3 96
3 144
3 115
3 79
3 182
3 154
3 73
3 144
3 52
3 190
3 103
3 42
3 149
3 137
3 167
3 1
3 19
3 64
3 43
3 173
3 130
3 148
3 36
3 62
3 98
3 20
3 33
3 53
3 37
3 136
3 16
3 18
3 14
3 185
3 39
3 18
3 147
3 168
3 136
3 166
3 0
3 146
3 0
3 133
3 144
3 194
3 188
3 1
3 194
3 42
3 156
3 70
3 165
3 166
3 158
3 23
3 103
3 89
3 0
3 67
3 18
3 62
3 69
3 71
3 22
3 8
3 27
3 115
3 90
3 36
3 144
3 42
3 162
3 125
3 23
3 59
3 8
3 48
3 31
3 167
3 48
3 67
3 11
3 138
3 18
3 130
3 102
3 53
3 103
3 115
3 16
3 119
3 171
3 139
3 6
3 98
3 64
3 144
3 1
3 167
3 103
3 18
3 185
3 16
3 84
3 148
3 33
3 70
3 7
3 126
3 186
3 8
3 146
3 166
3 144
3 18
3 167
3 71
3 54
3 136
3 56
3 14
3 164
3 37
3 27
3 162
3 36
3 103
3 48
3 120
3 80
3 2
3 71
3 1
3 52
3 96
3 28
3 130
3 7
3 16
3 135
3 154
3 135
3 161
3 149
3 190
3 115
3 183
3 31
3 136
3 135
3 133
3 98
3 1
3 71
3 71
3 125
3 181
3 52
3 16
3 54
3 12
3 80
3 134
3 150
3 39
3 2
3 43
3 27
3 16
3 52
3 28
3 146
3 31
3 101
3 144
3 91
3 111
3 177
3 1
3 37
3 42
3 56
3 126
3 173
3 163
3 0
3 159
3 52
3 1
3 161
3 147
3 98
3 48
3 56
3 73
3 31
3 52
3 70
3 166
3 103
3 136
3 22
3 151
3 24
3 154
3 129
3 2
3 31
3 142
3 23
3 167
3 96
3 48
3 90
3 53
3 84
3 160
4 162
4 102
4 161
4 142
4 52
4 18
4 183
4 0
4 52
4 48
4 71
4 186
4 75
4 33
4 103
4 10
4 173
4 123
4 73
4 60
4 14
4 2
4 152
4 103
4 52
4 154
4 118
4 147
4 71
4 24
4 48
4 98
4 125
4 166
4 61
4 27
4 11
4 115
4 23
4 161
4 166
4 173
4 96
4 161
4 136
4 167
4 102
4 101
4 87
4 1
4 18
4 84
4 48
4 96
4 188
4 98
4 7
4 56
4 160
4 130
4 98
4 180
4 25
4 70
4 80
4 162
4 83
4 53
4 158
4 89
4 96
4 161
4 115
4 145
4 118
4 29
4 24
4 158
4 165
4 118
4 56
4 42
4 102
4 162
4 67
4 177
4 143
4 4
4 167
4 24
4 28
4 1
4 161
4 185
4 27
4 166
4 53
4 73
4 42
4 22
4 144
4 96
4 189
4 55
4 52
4 98
4 120
4 144
4 90
4 98
4 144
4 83
4 177
4 116
4 167
4 8
4 148
4 96
4 48
4 52
4 167
4 92
4 28
4 22
4 167
4 53
4 42
4 147
4 171
4 79
4 173
4 54
4 94
4 173
4 80
4 60
4 57
4 152
4 161
4 71
4 106
4 7
4 115
4 188
4 172
4 31
4 148
4 105
4 6
4 181
4 42
4 59
4 166
4 8
4 139
4 52
4 2
4 18
4 138
4 144
4 94
4 67
4 110
4 34
4 177
4 48
4 73
4 79
4 183
4 173
4 15
4 111
4 12
4 14
4 111
4 70
4 154
4 103
4 42
4 78
4 26
4 145
4 189
4 67
4 52
4 48
4 154
4 116
4 6
4 48
4 150
4 144
4 162
4 96
4 93
4 98
4 62
4 42
4 130
4 185
4 147
4 186
4 71
4 12
4 27
4 154
4 115
4 79
4 167
4 110
4 67
4 101
4 7
4 89
4 1
4 83
4 190
4 175
4 31
4 136
4 173
4 27
4 8
4 9
4 0
4 145
4 173
4 52
4 54
4 101
4 67
4 161
4 34
4 166
4 161
4 37
4 67
4 118
4 167
4 75
4 96
4 167
4 167
4 98
4 53
4 159
4 59
4 125
4 16
4 148
4 56
4 2
4 147
4 112
4 52
4 84
4 59
4 142
4 166
4 154
4 173
4 94
4 96
4 126
4 189
4 94
4 166
4 146
4 134
4 0
4 161
4 59
4 59
4 11
4 81
4 8
4 90
4 147
4 81
4 140
4 129
4 52
4 37
4 161
4 161
4 36
4 126
4 110
4 183
4 183
4 90
4 3
4 145
4 48
4 188
4 173
4 103
4 98
4 164
4 8
4 24
4 150
4 120
4 91
4 34
4 158
4 16
4 27
4 167
4 75
4 42
4 186
4 160
4 187
4 167
4 31
4 8
4 35
4 42
4 7
4 161
4 154
4 84
4 27
4 22
4 145
4 90
4 150
4 0
4 186
4 16
4 18
4 147
4 42
4 161
4 188
4 22
4 15
4 25
4 106
4 102
4 166
4 20
4 44
4 11
4 159
4 129
4 18
4 154
4 84
4 150
4 31
4 71
4 110
4 42
4 33
4 161
4 79
4 145
4 194
4 91
4 142
4 144
4 139
4 27
4 73
4 167
4 52
4 68
4 79
4 186
4 128
4 93
4 135
4 32
4 22
4 148
4 148
4 59
4 33
4 117
4 154
4 20
4 27
4 22
4 93
4 7
4 98
4 149
4 52
4 52
4 156
4 142
4 8
4 6
4 163
4 56
4 173
4 71
4 94
4 18
4 151
4 181
4 70
4 144
4 42
4 66
4 115
4 190
4 16
4 1
4 158
4 148
4 42
4 188
4 133
4 23
4 136
4 194
4 67
4 15
4 1
4 149
4 91
4 140
4 1
4 122
4 146
4 80
4 171
4 0
4 48
4 14
4 54
4 133
4 27
4 158
4 163
4 163
4 161
4 59
4 33
4 106
4 67
4 48
4 145
4 136
4 166
4 52
4 0
4 11
4 189
4 161
4 69
4 67
4 96
4 145
4 129
4 23
4 80
4 111
4 161
4 151
4 23
4 56
4 47
4 146
4 51
4 147
4 167
4 70
4 84
4 26
4 4
5 146
5 146
5 115
5 114
5 183
5 79
5 33
5 66
5 54
5 84
5 120
5 183
5 161
5 59
5 181
5 189
5 1
5 146
5 129
5 71
5 155
5 59
5 143
5 70
5 61
5 146
5 1
5 80
5 33
5 73
5 147
5 42
5 112
5 56
5 147
5 161
5 180
5 166
5 146
5 166
5 42
5 161
5 129
5 147
5 18
5 115
5 142
5 75
5 37
5 18
5 50
5 161
5 23
5 98
5 102
5 101
5 81
5 167
5 146
5 90
5 63
5 147
5 134
5 98
5 36
5 146
5 146
5 120
5 63
5 7
5 96
5 67
5 161
5 165
5 130
5 118
5 173
5 7
5 1
5 102
5 103
5 152
5 161
5 56
5 8
5 2
5 22
5 1
5 31
5 71
5 167
5 177
5 103
5 78
5 167
5 98
5 1
5 37
5 37
5 102
5 6
5 135
5 154
5 0
5 189
5 79
5 144
5 143
5 10
5 11
5 161
5 119
5 1
5 27
5 18
5 142
5 102
5 87
5 103
5 127
5 111
5 3
5 16
5 18
5 18
5 8
5 158
5 71
5 173
5 49
5 167
5 27
5 144
5 75
5 67
5 42
5 59
5 171
5 52
5 98
5 2
5 4
5 35
5 67
5 102
5 10
5 161
5 137
5 52
5 94
5 70
5 154
5 166
5 79
5 142
5 103
5 28
5 101
5 136
5 60
5 142
5 148
5 169
5 168
5 9
5 187
5 102
5 9
5 75
5 98
5 84
5 146
5 165
5 11
5 16
5 151
5 71
5 186
5 85
5 0
5 71
5 159
5 91
5 135
5 194
5 163
5 47
5 86
5 144
5 10
5 98
5 43
5 2
5 10
5 56
5 160
5 94
5 188
5 71
5 25
5 90
5 101
5 167
5 16
5 54
5 18
5 52
5 87
5 145
5 42
5 160
5 158
5 6
5 144
5 43
5 116
5 125
5 71
5 46
5 16
5 129
5 106
5 188
5 39
5 80
5 8
5 114
5 166
5 190
5 146
5 7
5 33
5 22
5 31
5 36
5 59
5 190
5 183
5 134
5 186
5 73
5 54
5 15
5 161
5 48
5 7
5 73
5 102
5 50
5 71
5 15
5 96
5 29
5 44
5 23
5 161
5 166
5 67
5 84
5 43
5 63
5 33
5 136
5 3
5 33
5 148
5 93
5 33
5 129
5 147
5 6
5 101
5 135
5 71
5 31
5 189
5 39
5 171
5 91
5 148
5 15
5 52
5 115
5 23
5 4
5 44
5 81
5 166
5 49
5 149
5 144
5 18
5 52
5 102
5 23
5 15
5 181
5 78
5 147
5 52
5 112
5 52
5 71
5 31
5 145
5 54
5 111
5 115
5 110
5 60
5 69
5 106
5 59
5 115
5 0
5 147
5 126
5 130
5 151
5 134
5 125
5 54
5 115
5 84
5 115
5 8
5 43
5 181
5 180
5 87
5 52
5 102
5 33
5 18
5 36
5 79
5 122
5 93
5 173
5 149
5 90
5 142
5 59
5 115
5 147
5 115
5 57
5 2
5 42
5 149
5 194
5 8
5 71
5 134
5 115
5 102
5 49
5 4
5 70
5 98
5 2
5 115
5 42
5 48
5 154
5 186
5 59
5 33
5 146
5 35
5 55
5 102
5 115
5 115
5 136
5 70
5 145
5 61
5 52
5 98
5 73
5 8
5 56
5 62
5 67
5 150
5 136
5 142
5 101
5 125
5 145
5 115
5 96
5 186
5 53
5 44
5 16
5 33
5 18
5 115
5 24
5 12
5 15
5 24
5 154
5 84
5 144
5 93
5 53
5 39
5 15
5 169
5 96
5 12
5 115
5 150
5 33
5 28
5 171
5 146
5 47
5 147
5 7
5 71
5 22
5 43
5 7
5 145
5 0
5 122
5 194
5 98
5 52
5 33
5 150
5 65
5 168
5 54
5 166
5 167
5 56
5 167
5 158
5 160
5 163
5 59
5 1
5 136
5 48
5 49
5 125
5 67
6 91
6 12
6 160
6 167
6 115
6 52
6 118
6 75
6 156
6 36
6 161
6 63
6 165
6 182
6 1
6 144
6 159
6 115
6 119
6 34
6 20
6 136
6 63
6 151
6 71
6 193
6 96
6 182
6 18
6 102
6 152
6 91
6 18
6 175
6 125
6 18
6 71
6 118
6 10
6 2
6 71
6 31
6 18
6 84
6 173
6 2
6 148
6 84
6 161
6 173
6 89
6 156
6 139
6 54
6 0
6 136
6 163
6 118
6 98
6 52
6 189
6 52
6 182
6 44
6 84
6 93
6 56
6 7
6 173
6 173
6 147
6 136
6 60
6 173
6 68
6 89
6 190
6 119
6 173
6 159
6 161
6 59
6 42
6 187
6 102
6 43
6 52
6 139
6 189
6 181
6 20
6 52
6 31
6 171
6 177
6 166
6 8
6 116
6 0
6 3
6 59
6 43
6 2
6 59
6 177
6 48
6 14
6 163
6 111
6 81
6 117
6 33
6 54
6 114
6 73
6 103
6 2
6 42
6 100
6 190
6 2
6 96
6 79
6 84
6 145
6 33
6 163
6 190
6 80
6 167
6 147
6 40
6 154
6 71
6 8
6 180
6 8
6 158
6 2
6 33
6 161
6 186
6 94
6 34
6 129
6 111
6 165
6 91
6 146
6 1
6 161
6 115
6 166
6 3
6 18
6 167
6 13
6 31
6 87
6 136
6 150
6 183
6 33
6 25
6 125
6 9
6 103
6 167
6 37
6 166
6 146
6 63
6 97
6 59
6 2
6 54
6 167
6 116
6 6
6 126
6 83
6 43
6 103
6 101
6 135
6 158
6 102
6 52
6 14
6 7
6 111
6 85
6 142
6 22
6 56
6 190
6 106
6 59
6 69
6 138
6 102
6 18
6 111
6 16
6 148
6 52
6 7
6 18
6 23
6 87
6 18
6 160
6 132
6 1
6 37
6 28
6 145
6 148
6 14
6 122
6 37
6 42
6 26
6 43
6 98
6 115
6 142
6 129
6 149
6 28
6 98
6 42
6 52
6 42
6 69
6 31
6 185
6 172
6 52
6 98
6 101
7 162
7 129
7 7
7 173
7 17
7 26
7 28
7 24
7 15
7 77
7 66
7 154
7 116
7 169
7 80
7 9
7 33
7 139
7 166
7 4
7 149
7 80
7 168
7 16
7 3
7 81
7 102
7 28
7 183
7 89
7 93
7 135
7 84
7 145
7 135
7 98
7 115
7 33
7 10
7 15
7 44
7 34
7 79
7 1
7 130
7 158
7 90
7 178
7 18
7 139
7 173
7 2
7 129
7 137
7 27
7 27
7 161
7 2
7 87
7 148
7 56
7 44
7 6
7 52
7 87
7 11
7 166
7 3
7 139
7 143
7 61
7 49
7 139
7 151
7 22
7 102
7 42
7 117
7 52
7 189
7 69
7 190
7 36
7 59
7 102
7 12
7 18
7 68
7 158
7 101
7 131
7 158
7 20
7 145
7 0
7 114
7 3
7 143
7 24
7 27
7 34
7 34
7 10
7 87
7 111
7 171
7 158
7 24
7 34
7 27
7 14
7 156
7 180
7 181
7 151
7 63
7 44
7 27
7 159
7 7
7 98
7 117
7 8
7 110
7 33
7 2
7 63
7 110
7 111
7 33
7 189
7 18
7 24
7 136
7 27
7 158
7 115
7 91
7 66
7 24
7 139
7 7
7 24
7 141
7 129
7 80
7 33
7 145
7 94
7 6
7 136
7 31
7 161
7 177
7 10
7 34
7 22
7 2
7 33
7 91
7 14
7 7
7 54
7 25
7 159
7 11
7 133
7 102
7 105
7 91
7 34
7 36
7 158
7 139
7 33
7 53
7 44
7 79
7 59
7 139
7 158
8 96
8 22
8 22
8 129
8 171
8 139
8 47
8 80
8 44
8 139
8 68
8 115
8 143
8 48
8 173
8 140
8 7
8 18
8 4
8 101
8 91
8 59
8 139
8 60
8 70
8 91
8 71
8 28
8 126
8 71
8 165
8 93
8 56
8 159
8 130
8 102
8 54
8 33
8 87
8 93
8 71
8 33
8 93
8 7
8 36
8 36
8 3
8 188
8 159
8 93
8 134
8 59
8 139
8 108
8 0
8 3
8 33
8 130
8 56
8 33
8 188
8 139
8 62
8 71
8 114
8 78
8 169
8 3
8 145
8 40
8 96
8 91
8 70
8 119
8 44
8 7
8 60
8 42
8 190
8 136
8 80
8 44
8 102
8 63
8 8
8 130
8 135
8 15
8 63
8 96
8 115
8 158
8 6
8 18
8 114
8 129
8 135
8 3
8 111
8 95
8 7
8 7
8 135
8 158
8 67
8 174
8 18
8 8
8 54
8 91
8 44
8 116
8 91
8 56
8 143
8 151
8 114
8 8
8 70
8 165
8 157
8 143
8 14
8 157
8 33
8 171
8 174
8 119
8 139
8 96
8 114
8 70
8 54
8 31
8 56
8 67
8 190
8 93
8 108
8 49
8 3
8 159
8 44
8 44
8 102
8 3
8 33
8 116
8 91
8 161
8 102
8 171
8 117
8 18
8 194
8 33
8 0
8 44
8 67
8 112
8 168
8 18
8 102
8 18
8 96
8 182
8 7
8 18
8 102
8 114
8 52
8 49
8 49
8 171
8 108
8 53
9 48
9 56
9 55
9 125
9 70
9 173
9 114
9 70
9 21
9 68
9 10
9 114
9 181
9 71
9 96
9 3
9 86
9 157
9 59
9 70
9 167
9 15
9 135
9 171
9 43
9 56
9 145
9 54
9 145
9 44
9 115
9 184
9 145
9 10
9 2
9 3
9 51
9 144
9 14
9 149
9 115
9 40
9 116
9 136
9 44
9 183
9 136
9 44
9 170
9 70
9 52
9 93
9 156
9 146
9 110
9 68
9 96
9 159
9 34
9 21
9 107
9 13
9 51
9 67
9 59
9 93
9 139
9 165
9 18
9 141
9 186
9 24
9 182
9 3
9 139
9 62
9 70
9 136
9 4
9 33
9 43
9 190
9 36
10 31
10 91
10 60
10 101
10 18
10 136
10 168
10 7
10 51
10 7
10 10
10 48
10 63
10 117
10 167
10 3
10 6
10 182
10 27
10 3
10 102
10 150
10 173
10 10
10 15
10 7
10 145
10 101
10 34
10 112
10 9
10 75
10 33
10 19
10 122
10 129
10 145
10 33
10 63
10 108
10 90
10 145
10 80
10 4
10 167
10 160
10 91
10 8
10 84
11 178
11 151
11 79
11 27
11 100
11 20
11 80
11 160
11 115
11 81
11 171
11 156
11 68
11 87
11 51
11 115
11 131
11 15
11 87
11 88
11 136
11 167
11 160
11 136
11 18
11 119
11 134
11 145
11 7
11 135
11 79
11 84
11 96
11 131
11 131
11 188
11 9
11 128
11 183
11 165
11 158
11 91
11 5
11 96
11 79
11 190
11 168
11 70
11 194
11 4
11 183
11 111
11 188
11 53
11 143
11 33
11 31
11 156
11 158
11 160
11 28
11 106
11 122
11 149
11 4
11 118
11 49
12 143
12 81
12 86
12 61
12 79
12 78
12 168
12 68
12 120
12 193
12 20
12 183
12 89
12 154
12 80
12 67
12 24
12 28
12 122
12 118
12 8
12 158
12 160
12 97
12 116
12 43
12 145
12 110
12 181
12 16
12 118
12 96
12 43
12 107
12 55
12 144
12 63
12 59
12 85
12 26
12 101
12 23
12 34
12 8
12 194
12 78
12 33
12 56
12 84
12 129
12 78
12 50
12 78
12 0
12 111
12 188
12 173
12 3
12 164
12 72
12 8
12 115
12 42
12 43
12 122
12 129
12 129
12 4
12 188
12 150
12 66
12 20
12 15
12 136
12 8
12 116
12 160
12 52
12 83
12 188
12 142
12 118
12 158
12 20
12 118
12 63
12 22
12 4
12 73
12 163
12 43
12 171
12 193
12 134
12 84
13 173
13 131
13 96
13 146
13 189
13 53
13 69
13 66
13 18
13 53
13 107
13 106
13 160
13 102
13 154
13 112
13 111
13 79
13 85
13 43
13 7
13 188
13 111
13 110
13 188
13 81
13 28
13 61
13 189
13 44
13 20
13 81
13 33
13 20
13 28
13 158
13 154
13 131
13 91
13 6
13 171
13 25
13 0
13 90
13 180
13 56
13 49
13 84
13 49
13 66
13 128
13 59
13 126
13 8
13 111
13 122
13 143
13 109
13 49
13 160
13 105
13 100
13 31
13 188
13 53
13 107
13 78
13 51
13 78
13 193
13 54
13 134
13 8
13 159
13 8
13 97
13 8
13 33
13 101
13 107
13 129
13 85
13 146
13 23
13 114
13 160
13 8
13 44
13 34
13 84
13 14
13 101
13 43
13 101
13 180
13 148
13 180
13 188
13 160
13 111
13 34
13 160
13 63
13 158
13 118
13 87
13 129
13 103
13 166
13 43
13 81
13 89
13 84
13 171
13 191
13 100
13 25
13 150
13 25
13 70
13 69
13 59
13 73
13 148
13 42
13 111
13 107
13 147
13 37
13 54
13 139
13 191
13 23
13 78
13 61
13 29
13 136
13 49
13 73
13 120
13 79
13 158
13 126
13 61
13 111
13 63
13 191
13 8
13 83
13 87
13 188
13 66
13 25
14 170
14 111
14 173
14 63
14 67
14 187
14 137
14 116
14 102
14 154
14 66
14 7
14 170
14 27
14 111
14 93
14 59
14 146
14 79
14 154
14 18
14 8
14 129
14 0
14 84
14 110
14 125
14 122
14 7
14 125
14 126
14 177
14 12
14 159
14 93
14 161
14 49
14 49
14 160
14 18
14 122
14 136
14 16
14 31
14 169
14 62
14 139
14 129
14 157
14 138
14 12
14 189
14 63
14 118
14 140
14 54
14 40
14 54
14 96
14 191
14 188
14 137
14 33
14 45
14 143
14 160
14 34
14 166
14 81
14 120
14 162
14 56
14 42
14 143
14 188
14 14
14 118
14 6
14 118
14 25
14 59
14 188
14 80
14 20
14 7
14 14
14 185
14 102
14 188
14 62
14 173
14 115
14 2
14 159
14 7
14 27
14 89
14 25
14 129
14 152
14 98
14 69
14 159
14 89
14 168
14 111
14 42
14 24
14 103
14 22
14 94
14 131
14 96
14 11
14 188
14 154
14 154
14 188
14 120
14 97
14 75
14 73
14 188
14 154
14 114
14 174
14 166
14 135
14 6
14 15
14 145
14 140
14 79
14 58
14 48
14 62
14 146
14 68
14 187
14 31
14 154
14 6
14 24
14 166
14 173
14 110
14 128
14 73
14 43
14 4
14 6
14 10
14 59
14 170
14 2
14 48
14 148
14 71
14 20
14 66
14 25
14 84
14 66
14 78
14 9
14 163
14 12
14 67
14 188
14 49
14 44
14 52
14 89
14 89
14 120
14 60
14 115
14 28
14 87
14 10
14 113
14 89
14 118
14 120
14 191
14 119
14 68
14 135
14 44
14 23
14 169
14 171
14 118
14 109
14 59
14 163
14 6
14 91
14 15
14 72
14 105
14 28
14 0
14 27
14 183
14 189
14 158
14 162
14 118
14 94
14 2
14 79
14 162
14 23
14 73
14 129
14 48
14 118
14 90
14 149
14 159
14 23
14 125
14 59
14 159
14 101
14 171
14 160
14 145
14 163
14 27
14 0
14 6
14 154
14 84
14 98
14 120
14 1
14 22
14 129
14 63
14 27
14 131
14 67
14 79
14 165
14 130
14 120
14 154
14 43
14 13
14 146
14 161
14 31
14 34
14 22
14 180
14 154
14 67
14 159
14 37
14 183
14 49
14 20
14 12
14 10
14 36
14 118
14 101
14 103
14 18
14 103
14 108
14 98
14 144
14 148
14 67
14 129
14 43
14 98
14 3
14 120
14 188
14 143
14 1
14 15
14 160
14 33
14 153
14 40
14 27
14 158
14 158
14 189
14 45
14 192
14 3
14 125
14 17
14 122
14 25
14 93
14 135
14 23
14 159
14 111
14 12
14 19
14 116
14 118
14 174
14 22
14 116
14 97
14 106
14 42
14 133
14 78
14 174
14 149
14 125
14 71
14 143
15 71
15 28
15 129
15 127
15 117
15 118
15 151
15 3
15 33
15 160
15 146
15 6
15 81
15 1
15 66
15 37
15 146
15 12
15 87
15 160
15 37
15 0
15 144
15 111
15 169
15 13
15 52
15 71
15 170
15 186
15 158
15 67
15 161
15 160
15 154
15 84
15 15
15 135
15 49
15 15
15 168
15 4
15 66
15 140
15 168
15 8
15 144
15 2
15 133
15 183
15 89
15 13
15 145
15 122
15 89
15 183
15 98
15 102
15 54
15 146
15 52
15 31
15 52
15 119
15 171
15 151
15 10
15 111
15 13
15 125
15 66
15 9
15 170
15 101
15 1
15 14
15 91
15 75
15 103
15 134
15 139
15 106
15 111
15 33
15 162
15 18
15 118
15 192
15 14
15 53
15 163
15 20
15 23
15 6
15 122
15 146
15 146
15 79
15 22
15 10
15 118
15 142
15 147
15 158
15 151
15 20
15 59
15 159
15 113
15 106
15 71
15 6
15 103
15 107
15 20
15 118
15 146
15 49
15 10
15 188
15 118
15 188
15 165
15 2
15 188
15 111
15 146
15 0
15 9
15 8
15 23
15 13
15 66
15 59
15 136
15 143
15 166
15 73
15 137
15 161
15 81
15 143
15 56
15 54
15 152
15 143
15 188
15 191
15 66
15 11
15 148
15 66
15 9
15 53
15 42
15 6
15 189
15 150
15 20
15 10
15 159
15 146
15 115
15 138
15 34
15 142
15 55
15 6
15 166
15 126
15 78
15 152
15 69
15 154
15 93
15 79
15 103
15 6
15 167
15 106
15 59
15 122
15 22
15 188
15 66
15 16
15 185
15 95
15 150
15 1
15 98
15 71
15 27
15 33
15 155
15 37
15 108
15 188
15 19
15 166
15 145
15 72
15 119
15 106
15 154
15 79
15 7
15 1
15 84
15 56
15 22
15 115
15 115
15 144
15 188
15 65
15 181
15 10
15 110
15 93
15 21
15 86
15 6
15 185
15 177
15 93
15 122
15 171
15 152
15 161
15 53
15 118
15 34
15 118
15 188
15 187
15 27
15 189
15 137
15 84
15 7
15 6
15 43
15 42
15 97
15 119
15 14
15 1
15 6
15 145
15 98
15 130
15 120
15 146
15 159
15 101
15 24
15 10
15 3
15 167
15 173
15 1
15 173
15 188
15 1
15 44
15 87
15 118
15 51
15 66
15 131
15 189
15 188
15 79
15 115
15 66
15 121
15 170
15 161
15 139
15 105
15 37
15 55
15 34
15 80
15 170
15 43
15 2
15 140
15 43
15 79
15 34
15 154
15 167
15 189
15 14
15 1
15 127
15 60
15 44
15 68
15 6
15 189
15 51
15 147
15 147
15 167
15 188
15 190
15 102
15 22
15 142
15 10
15 66
15 116
15 8
15 117
15 92
15 158
15 161
15 66
15 151
15 149
15 96
15 8
15 122
15 165
15 0
15 115
15 89
15 2
15 19
15 103
15 118
15 2
15 18
15 84
15 144
15 79
15 56
15 145
15 23
15 43
15 188
15 168
15 79
15 118
15 56
15 141
15 42
15 161
15 154
15 118
15 160
15 51
15 1
15 6
15 118
15 19
15 144
15 43
15 89
15 142
15 59
15 135
15 93
15 146
15 48
15 75
15 59
15 130
15 27
15 2
15 81
15 0
15 93
15 64
15 142
15 84
15 138
15 146
15 6
15 49
15 10
15 49
15 87
15 24
15 146
15 160
15 166
15 49
15 71
15 66
15 129
15 59
15 27
15 17
15 83
15 29
15 36
15 81
15 115
15 159
15 166
15 118
15 36
15 119
15 144
15 118
15 142
15 79
15 128
15 57
15 28
15 161
15 1
15 43
15 61
15 183
15 1
16 28
16 94
16 8
16 1
16 27
16 1
16 109
16 27
16 115
16 23
16 9
16 79
16 28
16 8
16 1
16 23
16 79
16 190
16 105
16 155
16 118
16 91
16 117
16 84
16 143
16 7
16 189
16 71
16 160
16 15
16 67
16 51
16 56
16 20
16 54
16 66
16 118
16 151
16 20
16 129
16 64
16 147
16 73
16 159
16 167
16 71
16 151
16 47
16 162
16 110
16 22
16 146
16 68
16 156
16 6
16 1
16 134
16 143
16 10
16 81
16 91
16 146
16 116
16 145
16 148
16 31
16 69
16 167
16 128
16 58
16 66
16 37
16 146
16 133
16 42
16 51
16 189
16 94
16 144
16 3
16 147
16 52
16 10
16 15
16 148
16 84
16 151
16 119
16 75
16 160
16 61
16 1
16 146
16 155
16 177
16 28
16 28
16 24
16 148
16 5
16 27
16 166
16 53
16 85
16 66
16 66
16 54
16 162
16 133
16 109
16 188
16 146
16 62
16 56
16 22
16 133
16 129
16 169
16 188
16 54
16 139
16 31
16 146
16 167
16 129
16 144
16 96
16 147
16 1
16 79
16 19
16 181
16 134
16 61
16 102
16 188
16 173
16 96
16 194
16 174
16 10
16 171
16 24
16 71
16 48
16 125
16 81
16 134
16 20
16 63
16 14
16 1
16 159
16 16
16 183
16 75
16 2
16 135
16 143
16 159
16 95
16 161
16 94
16 7
16 78
16 11
16 183
16 144
16 186
16 115
16 144
16 9
16 0
16 18
16 22
16 98
16 66
16 151
16 167
16 167
16 66
16 43
16 86
16 147
16 108
16 101
16 188
16 34
16 6
16 7
16 167
16 73
16 20
16 48
16 22
16 171
16 105
16 85
16 133
16 174
16 154
16 148
16 160
16 27
16 102
16 103
16 115
16 22
16 37
16 85
16 118
16 83
16 84
16 71
16 42
16 154
16 42
16 2
16 98
16 154
16 44
16 158
16 103
16 135
16 118
16 42
16 18
16 166
16 83
16 118
16 79
16 80
16 27
16 62
16 59
16 129
16 52
16 102
16 108
16 122
16 145
16 98
16 5
16 42
16 0
16 182
16 152
16 147
16 130
16 146
16 71
16 167
16 67
16 174
16 136
16 2
16 146
16 28
16 28
16 173
16 186
16 188
16 136
16 52
16 98
16 80
16 191
16 171
16 152
16 151
16 145
16 70
16 20
16 23
16 49
16 10
16 156
16 105
16 22
16 66
16 106
16 71
16 62
16 52
16 161
16 98
16 189
16 131
16 160
16 180
16 135
16 161
16 1
16 119
16 11
16 89
16 148
16 188
16 173
16 188
16 34
16 190
16 23
16 91
16 159
16 123
16 129
16 79
16 37
16 48
16 133
16 10
16 52
16 172
16 64
16 28
16 79
16 2
16 189
16 189
16 166
16 93
16 36
16 79
16 106
16 6
16 28
16 53
16 162
16 49
16 62
16 73
16 9
16 10
16 10
16 101
16 37
16 4
16 98
16 103
16 37
16 68
16 78
16 61
16 31
16 98
16 62
16 43
16 107
16 102
16 1
16 84
16 166
16 131
16 171
16 104
16 10
16 22
16 96
16 79
16 0
16 156
16 165
17 98
17 161
17 34
17 108
17 86
17 174
17 66
17 87
17 84
17 189
17 167
17 102
17 188
17 158
17 129
17 8
17 121
17 94
17 49
17 145
17 87
17 115
17 142
17 1
17 105
17 65
17 103
17 185
17 66
17 31
17 16
17 100
17 16
17 59
17 106
17 4
17 1
17 62
17 17
17 161
17 43
17 180
17 1
17 102
17 96
17 146
17 53
17 96
17 151
17 67
17 34
17 129
17 159
17 147
17 1
17 81
17 152
17 136
17 142
17 31
17 70
17 122
17 120
17 142
17 75
17 47
17 178
17 1
17 53
17 103
17 31
17 81
17 64
17 189
17 49
17 22
17 10
17 62
17 25
17 160
17 83
17 158
17 21
17 110
17 40
17 166
17 4
17 75
17 166
17 22
17 150
17 91
17 53
17 6
17 59
17 115
17 154
17 11
17 19
17 1
17 151
17 173
17 4
17 67
17 165
17 87
17 104
17 151
17 182
17 71
17 183
17 115
17 185
17 154
17 31
17 177
17 73
17 119
17 158
17 10
17 144
17 43
17 114
17 121
17 144
17 24
17 147
17 1
17 59
17 97
17 81
17 144
17 84
17 191
17 83
17 43
17 188
17 1
17 2
17 59
17 158
17 91
17 101
17 134
17 1
17 100
17 115
17 139
17 0
17 169
17 71
17 145
17 152
17 50
17 103
17 43
17 118
17 16
17 166
17 109
17 4
17 151
17 6
17 33
17 118
17 1
17 87
17 146
17 15
17 102
17 146
17 103
17 49
17 176
17 102
17 43
17 171
17 121
17 147
17 90
17 6
17 145
17 57
17 73
17 37
17 166
17 191
17 52
17 161
17 98
17 183
17 126
17 181
17 66
17 22
17 16
17 188
17 78
17 34
17 91
17 42
17 146
17 36
17 156
17 1
17 27
17 97
17 67
17 118
17 142
17 1
17 48
17 161
17 115
17 90
17 37
17 36
17 125
17 34
17 162
17 43
17 64
17 91
17 1
17 174
17 11
17 154
17 31
17 129
17 95
17 183
17 193
17 102
17 59
17 158
17 53
17 0
17 193
17 89
17 118
17 49
17 39
17 31
17 1
17 130
17 52
17 147
17 193
17 131
17 177
17 10
17 27
17 25
17 1
17 146
17 52
17 98
17 167
17 186
17 1
17 54
17 147
17 134
17 148
17 122
17 183
17 52
17 147
17 144
17 161
17 2
17 13
17 0
17 6
17 172
17 183
17 133
17 78
17 2
17 147
17 42
17 151
17 129
17 168
17 115
17 191
17 84
17 129
17 91
17 54
17 114
17 165
17 187
17 98
17 133
17 2
17 1
17 113
17 52
17 146
17 115
17 163
17 114
17 165
17 160
17 118
18 166
18 73
18 94
18 43
18 101
18 122
18 43
18 20
18 183
18 20
18 154
18 1
18 36
18 115
18 188
18 163
18 80
18 188
18 189
18 22
18 43
18 27
18 94
18 144
18 33
18 22
18 98
18 75
18 10
18 129
18 125
18 66
18 98
18 133
18 145
18 69
18 1
18 89
18 16
18 94
18 73
18 52
18 21
18 140
18 64
18 43
18 114
18 1
18 1
18 145
18 83
18 80
18 6
18 101
18 100
18 94
18 115
18 11
18 128
18 144
18 42
18 163
18 115
18 59
18 11
18 2
18 148
18 1
18 151
18 157
18 181
18 86
18 190
18 125
18 161
18 122
18 147
18 186
18 2
18 190
18 78
18 34
18 20
18 181
18 85
18 125
18 120
18 71
18 1
18 158
18 19
18 59
18 189
18 43
18 49
18 125
18 129
18 34
18 66
18 131
18 165
18 142
18 24
18 147
18 1
18 4
18 140
18 26
18 181
18 94
18 52
18 123
18 111
18 4
18 25
18 23
18 163
18 122
18 151
18 91
18 70
18 1
18 138
18 161
18 142
18 145
18 166
18 7
18 147
18 160
18 86
18 125
18 10
18 1
18 160
18 187
18 122
18 7
18 144
18 64
18 4
18 37
18 53
18 15
18 63
18 2
18 62
18 185
18 162
18 139
18 137
18 24
18 24
18 71
18 186
18 139
18 147
18 16
18 120
18 162
18 27
18 118
18 111
18 75
18 145
18 13
18 98
18 146
18 144
18 15
18 163
18 94
18 188
18 86
18 146
18 167
18 168
18 147
18 47
18 192
18 37
18 186
18 49
18 68
18 80
18 12
18 136
18 156
18 103
18 152
18 1
18 43
18 10
18 145
18 43
18 118
18 75
18 75
18 91
18 37
18 10
18 51
18 146
18 163
18 146
18 10
18 47
18 94
18 63
18 66
18 125
18 144
18 84
18 173
18 184
18 91
18 117
18 106
18 27
18 121
18 129
18 169
18 118
18 64
18 163
18 145
18 145
18 185
18 160
18 43
18 129
18 52
18 134
18 69
18 1
18 188
18 28
18 158
18 173
18 188
18 133
18 186
18 87
18 1
18 1
18 10
18 96
18 189
18 171
18 154
18 98
18 147
18 2
18 71
18 43
18 12
18 161
18 187
18 120
18 4
18 113
18 27
18 181
18 111
18 147
18 33
18 166
18 186
18 6
18 79
18 144
18 75
18 8
18 75
18 186
18 79
18 189
18 43
18 1
18 144
18 116
18 140
18 177
18 139
18 166
18 37
18 23
18 144
18 101
18 194
18 118
18 21
18 47
18 143
18 101
18 98
18 1
18 39
18 9
18 11
18 151
18 62
18 12
18 146
18 162
18 10
18 42
18 154
18 101
18 51
18 94
18 115
18 76
18 166
18 0
18 177
18 145
19 67
19 148
19 1
19 129
19 43
19 190
19 12
19 69
19 39
19 188
19 51
19 2
19 52
19 67
19 144
19 139
19 22
19 43
19 32
19 147
19 147
19 43
19 117
19 35
19 91
19 52
19 71
19 1
19 43
19 161
19 118
19 71
19 145
19 52
19 98
19 133
19 144
19 19
19 27
19 1
19 146
19 117
19 122
19 71
19 42
19 154
19 2
19 148
19 50
19 43
19 43
19 128
19 168
19 16
19 50
19 147
19 176
19 80
19 147
19 129
19 63
19 28
19 71
19 7
19 125
19 47
19 35
19 1
19 10
19 69
19 147
19 169
19 152
19 147
19 161
19 147
19 159
19 188
19 188
19 170
19 142
19 147
19 14
19 11
19 147
19 36
19 92
19 48
19 43
19 117
19 79
19 63
19 147
19 146
19 177
19 100
19 125
19 147
19 59
19 125
19 16
19 185
19 125
19 1
19 2
19 56
19 12
19 129
19 116
19 52
19 86
19 110
19 75
19 118
19 54
19 83
19 98
19 147
19 66
19 129
19 10
19 28
19 147
19 44
19 136
19 6
19 12
19 101
19 16
19 6
19 52
19 103
19 147
19 83
19 16
19 16
19 130
19 154
19 123
19 146
19 123
19 115
19 182
19 42
19 21
19 36
19 12
19 10
19 147
19 162
19 71
19 98
19 80
19 11
19 71
19 89
19 147
19 52
19 177
19 12
19 188
19 186
19 136
19 42
19 52
19 11
19 167
19 136
19 117
19 84
19 101
19 10
19 98
19 15
19 11
19 1
19 101
19 79
19 99
19 185
19 105
19 67
19 189
19 2
19 9
19 1
19 73
19 180
19 10
19 177
19 118
19 79
19 142
19 166
19 94
19 109
19 85
19 167
19 146
19 14
19 152
19 147
19 2
19 89
19 103
19 11
19 52
19 37
19 28
19 48
19 191
19 48
19 103
19 189
19 86
19 136
19 131
19 118
19 54
19 145
19 12
19 167
19 151
19 142
19 2
19 37
19 147
19 42
19 16
19 158
19 2
19 62
19 167
19 166
19 167
19 161
19 169
19 42
19 39
19 52
19 13
19 103
19 60
19 71
19 1
19 150
19 70
19 146
19 33
19 2
19 0
19 37
19 2
19 59
19 43
19 1
19 67
19 4
19 26
19 8
19 35
19 129
19 0
19 165
19 84
19 115
19 0
19 104
19 61
19 23
19 162
19 37
19 147
19 125
19 10
19 152
19 178
19 2
19 134
19 7
19 158
19 189
19 133
19 67
19 1
19 177
19 78
19 167
19 188
19 158
19 10
19 83
19 61
19 111
19 181
19 48
19 163
19 64
19 140
19 34
19 62
19 48
19 60
19 161
19 6
19 1
19 84
19 1
19 98
19 80
19 43
19 181
19 1
19 110
19 89
19 2
19 193
19 36
19 147
19 129
19 170
19 131
