0 109
0 44
0 191
0 115
0 160
0 15
0 71
0 173
0 54
0 147
0 106
0 160
0 83
0 126
0 52
0 181
0 166
0 147
0 81
0 53
0 152
0 53
0 166
0 170
0 148
0 106
0 103
0 42
0 19
0 2
0 98
0 122
0 133
0 2
0 48
0 101
0 2
0 180
0 10
0 22
0 115
0 129
0 24
0 43
0 161
0 151
0 85
0 37
0 134
0 159
0 119
0 119
0 48
0 1
0 115
0 166
0 71
0 45
0 133
0 36
0 192
0 149
0 20
0 110
0 118
0 52
0 72
0 175
0 1
0 161
0 163
0 11
0 108
0 140
0 1
0 36
0 183
0 71
0 54
0 66
0 71
0 8
0 62
0 8
0 16
0 134
0 27
0 169
0 16
0 36
0 189
0 54
0 18
0 115
0 103
0 154
0 98
0 98
0 0
0 94
0 186
0 166
0 186
0 139
0 28
0 186
0 173
1 1
1 10
1 151
1 167
1 166
1 54
1 48
1 125
1 37
1 2
1 1
1 2
1 25
1 23
1 54
1 129
1 43
1 47
1 7
1 71
1 75
1 26
1 144
1 37
1 166
1 23
1 189
1 167
1 83
1 142
1 133
1 161
1 125
1 42
1 11
1 159
1 83
1 147
1 143
1 103
1 2
1 89
1 177
1 145
1 96
1 161
1 98
1 1
1 161
1 118
1 163
1 75
1 156
1 18
1 36
1 54
1 161
1 36
1 146
1 66
1 146
1 48
1 42
1 152
1 35
1 42
1 188
1 96
1 22
1 44
1 23
1 1
1 48
1 167
1 98
1 119
1 36
1 1
1 1
1 152
1 11
1 135
1 163
1 93
1 94
1 130
1 51
1 146
1 42
1 1
1 22
1 145
1 54
1 43
1 130
1 16
1 75
1 15
1 37
1 16
1 144
1 1
1 131
1 22
1 93
1 43
1 167
2 161
2 8
2 23
2 70
2 79
2 9
2 43
2 37
2 22
2 120
2 48
2 161
2 2
2 117
2 1
2 171
2 133
2 1
2 48
2 53
2 56
2 145
2 16
2 22
2 90
2 23
2 83
2 101
2 173
2 182
2 19
2 139
2 146
2 39
2 161
2 12
2 102
2 60
2 186
2 136
2 103
2 64
2 33
2 18
2 27
2 94
2 152
2 56
2 25
2 69
2 51
2 185
2 3
2 163
2 48
2 54
2 0
2 48
2 163
2 115
2 144
2 189
2 189
2 42
2 66
2 118
2 75
2 145
2 94
2 1
2 147
2 67
2 189
2 129
2 16
2 149
2 1
2 142
2 130
2 2
2 15
2 131
2 9
2 146
2 33
2 146
2 175
2 118
2 97
2 4
2 51
2 1
2 163
2 161
2 118
2 98
2 1
2 162
2 56
2 120
2 44
2 2
2 96
2 0
2 90
2 31
2 151
2 171
2 71
2 11
2 63
2 16
2 35
2 67
2 119
2 66
2 79
2 16
2 1
2 117
2 78
2 152
2 48
2 103
2 0
3 161
3 1
3 161
3 43
3 149
3 22
3 147
3 189
3 121
3 1
3 91
3 147
3 190
3 10
3 147
3 22
3 186
3 22
3 150
3 75
3 170
3 79
3 162
3 14
3 91
3 118
3 110
3 188
3 189
3 161
3 147
3 149
3 42
3 119
3 119
3 20
3 162
3 189
3 47
3 3
3 1
3 24
3 34
3 180
3 14
3 0
3 170
3 102
3 55
3 2
3 116
3 54
3 147
3 189
3 48
3 190
3 142
3 94
3 21
3 39
3 13
3 71
3 130
3 34
3 98
3 80
3 145
3 18
3 79
3 115
3 189
3 11
3 152
3 102
3 159
3 48
3 152
3 42
3 15
3 118
3 54
3 87
3 24
3 140
3 131
3 146
3 49
3 166
3 1
3 83
3 53
3 118
3 145
3 48
3 0
3 167
3 154
3 56
3 33
3 16
3 140
3 186
3 163
3 163
3 7
3 145
3 149
3 98
3 146
3 90
3 2
3 115
3 24
3 93
3 98
3 161
3 8
3 43
3 142
3 156
3 53
3 0
3 15
3 147
3 54
3 96
3 44
3 48
3 154
4 144
4 194
4 1
4 2
4 12
4 23
4 71
4 1
4 110
4 43
4 142
4 83
4 42
4 27
4 53
4 98
4 89
4 98
4 36
4 62
4 33
4 56
4 144
4 1
4 51
4 163
4 81
4 0
4 71
4 118
4 80
4 161
4 170
4 140
4 79
4 68
4 23
4 125
4 98
4 163
4 156
4 80
4 167
4 142
4 20
4 129
4 97
4 1
4 103
4 19
4 66
4 143
4 1
4 114
4 167
4 183
4 66
4 3
4 39
4 48
4 70
4 23
4 161
4 68
4 98
4 53
4 118
4 96
4 140
4 1
4 13
4 52
4 20
4 147
4 181
4 192
4 98
4 118
4 118
4 164
4 15
4 160
4 119
4 189
4 152
4 69
4 170
4 189
4 48
4 80
4 59
4 79
4 161
4 115
4 120
4 96
4 151
4 90
4 2
4 23
4 67
4 48
4 11
4 165
4 84
4 33
4 66
4 70
4 183
4 149
4 69
4 73
4 83
4 146
4 8
4 67
4 189
4 166
4 144
4 11
4 163
5 2
5 79
5 84
5 63
5 84
5 59
5 2
5 149
5 115
5 167
5 3
5 7
5 47
5 42
5 69
5 144
5 66
5 89
5 129
5 186
5 144
5 52
5 148
5 147
5 2
5 29
5 152
5 162
5 189
5 89
5 149
5 135
5 71
5 156
5 161
5 89
5 91
5 11
5 161
5 80
5 79
5 118
5 115
5 160
5 79
5 35
5 45
5 10
5 1
5 98
5 8
5 144
5 115
5 28
5 189
5 61
5 59
5 22
5 133
5 14
5 7
5 160
5 147
5 112
5 1
5 2
5 181
5 19
5 139
5 15
5 167
5 23
5 23
5 48
5 167
5 170
5 119
5 73
5 101
5 143
5 1
5 23
5 143
5 102
5 167
5 129
5 44
5 98
5 14
5 54
5 101
5 135
5 161
5 133
5 7
5 9
5 71
5 98
5 136
5 146
5 163
5 22
5 71
5 167
5 142
5 81
5 159
5 161
5 7
5 151
5 94
5 143
5 71
5 4
5 94
5 61
5 23
5 7
5 164
5 24
5 54
5 2
5 96
5 79
5 71
5 189
5 151
5 171
5 55
6 84
6 163
6 96
6 152
6 71
6 80
6 54
6 23
6 2
6 118
6 144
6 183
6 168
6 16
6 163
6 171
6 118
6 7
6 15
6 136
6 73
6 171
6 146
6 85
6 102
6 145
6 162
6 156
6 96
6 98
6 146
6 119
6 145
6 148
6 161
6 70
6 2
6 165
6 149
6 28
6 8
6 1
6 139
6 122
6 2
6 111
6 188
6 128
6 190
6 22
6 151
6 42
6 162
6 22
6 131
6 71
6 70
6 11
6 118
6 119
6 18
6 167
6 189
6 147
6 102
6 12
6 27
6 1
6 144
6 166
6 81
6 156
6 23
6 48
6 8
6 161
6 48
6 59
6 186
6 147
6 160
6 154
6 126
6 54
6 43
6 161
6 140
6 36
6 144
6 81
6 85
6 59
6 144
6 1
6 63
6 136
6 51
6 144
6 151
6 23
6 79
6 135
6 119
6 102
6 97
6 36
6 69
6 91
6 183
6 147
6 16
6 160
6 8
6 143
6 42
6 131
6 23
6 146
6 59
6 3
6 131
6 161
6 47
6 143
6 35
6 27
6 48
6 131
6 181
6 83
6 135
6 54
6 142
6 20
6 80
6 59
6 111
7 31
7 23
7 126
7 79
7 128
7 162
7 89
7 80
7 133
7 183
7 163
7 67
7 79
7 161
7 48
7 48
7 183
7 142
7 1
7 44
7 152
7 98
7 103
7 23
7 136
7 84
7 154
7 59
7 79
7 164
7 70
7 71
7 81
7 129
7 148
7 111
7 54
7 122
7 163
7 155
7 6
7 118
7 27
7 81
7 87
7 81
7 48
7 48
7 1
7 111
7 53
7 168
7 51
7 43
7 89
7 84
7 152
7 102
7 146
7 67
7 36
7 23
7 98
7 139
7 2
7 133
7 161
7 102
7 53
7 89
7 163
7 128
7 144
7 189
7 129
7 111
7 94
7 23
7 1
7 166
7 96
7 161
7 117
7 22
7 118
7 89
7 71
7 144
7 7
7 23
7 48
7 91
7 136
7 129
7 151
7 125
7 37
7 33
7 12
7 102
7 133
7 2
7 40
7 43
7 71
7 156
7 66
7 48
7 59
7 75
7 152
7 23
7 31
7 59
7 48
7 133
7 166
7 75
7 165
7 16
7 125
7 98
7 2
7 67
7 89
7 102
7 166
7 146
7 158
7 165
7 34
7 189
7 36
7 23
7 18
7 113
7 173
7 122
7 168
7 159
7 32
7 67
7 79
8 81
8 98
8 183
8 183
8 52
8 22
8 188
8 161
8 49
8 129
8 71
8 12
8 142
8 125
8 83
8 91
8 149
8 98
8 49
8 63
8 37
8 152
8 151
8 191
8 119
8 173
8 87
8 71
8 83
8 152
8 89
8 96
8 98
8 3
8 16
8 160
8 144
8 48
8 54
8 48
8 122
8 102
8 51
8 146
8 51
8 39
8 120
8 48
8 16
8 7
8 167
8 42
8 101
8 152
8 79
8 2
8 134
8 146
8 16
8 115
8 146
8 154
8 20
8 152
8 133
8 1
8 96
8 71
8 98
8 81
8 8
8 8
8 148
8 130
8 98
8 194
8 79
8 118
8 144
8 152
8 169
8 133
8 28
8 151
8 152
8 37
8 71
8 54
8 173
8 42
8 53
8 3
8 2
8 8
8 33
8 171
8 189
8 166
8 129
8 152
8 169
8 84
8 190
8 150
8 167
8 67
8 166
8 2
8 2
8 103
8 55
8 79
8 186
8 28
8 189
8 89
8 48
8 161
8 112
8 144
8 133
8 2
8 18
8 19
8 171
8 25
8 7
8 120
8 161
8 2
8 27
8 2
8 66
8 144
8 8
8 118
8 147
8 67
8 144
8 20
8 23
8 170
8 91
8 101
9 89
9 31
9 9
9 122
9 32
9 136
9 42
9 166
9 145
9 47
9 23
9 186
9 63
9 48
9 33
9 22
9 54
9 189
9 101
9 15
9 91
9 69
9 59
9 71
9 2
9 75
9 20
9 81
9 11
9 71
9 44
9 12
9 49
9 36
9 163
9 129
9 176
9 33
9 129
9 7
9 181
9 129
9 80
9 119
9 22
9 152
9 66
9 181
9 67
9 34
9 2
9 1
9 52
9 146
9 189
9 48
9 49
9 35
9 146
9 149
9 118
9 164
9 167
9 186
9 167
9 0
9 48
9 16
9 134
9 146
9 163
9 11
9 144
9 189
9 71
9 166
9 170
9 7
9 134
9 49
9 47
9 83
9 3
9 16
9 89
9 2
9 1
9 64
9 36
9 71
9 90
9 96
9 79
9 118
9 59
9 96
9 151
9 0
9 144
9 59
9 161
9 79
9 22
9 48
9 35
9 28
9 70
9 10
9 98
9 100
9 120
9 22
9 8
9 2
9 182
9 122
9 173
9 98
9 1
9 71
9 27
9 189
9 36
9 151
9 8
9 166
9 129
9 3
9 16
9 144
9 118
9 80
9 48
9 3
9 66
9 84
9 167
9 37
9 93
9 177
9 182
9 177
9 16
9 161
9 161
9 73
9 166
9 42
9 102
9 118
10 133
10 43
10 11
10 64
10 101
10 6
10 91
10 1
10 1
10 115
10 10
10 33
10 63
10 0
10 144
10 80
10 75
10 28
10 48
10 42
10 96
10 144
10 75
10 22
10 16
10 118
10 98
10 80
10 22
10 84
10 188
10 66
10 6
10 10
10 101
10 1
10 134
10 27
10 161
10 63
10 51
10 19
10 18
10 27
10 151
10 10
10 11
10 108
10 53
10 2
10 81
10 148
10 59
10 56
10 189
10 43
10 102
10 146
10 56
10 166
10 173
10 10
10 89
10 35
10 133
10 44
10 183
10 173
10 109
10 161
10 137
10 3
10 139
10 185
10 1
10 33
10 27
10 33
10 9
10 33
10 42
10 2
10 16
10 116
10 71
10 143
10 112
10 166
10 2
10 16
10 181
10 22
10 130
10 80
10 161
10 186
10 144
10 64
10 49
10 63
10 161
10 11
10 165
10 106
10 119
10 22
10 188
10 70
10 67
10 167
10 2
10 43
10 23
10 188
10 67
10 90
10 14
10 0
10 26
10 111
10 83
10 35
10 94
10 48
10 56
10 60
10 48
10 141
10 2
10 98
10 80
10 192
10 166
10 16
10 22
10 22
10 106
10 161
10 118
10 8
10 42
10 4
10 167
10 142
11 2
11 173
11 37
11 142
11 59
11 79
11 106
11 93
11 129
11 10
11 37
11 186
11 129
11 54
11 54
11 103
11 98
11 16
11 148
11 8
11 144
11 71
11 147
11 43
11 78
11 16
11 0
11 151
11 182
11 158
11 3
11 101
11 102
11 37
11 34
11 56
11 71
11 70
11 27
11 42
11 79
11 84
11 37
11 31
11 139
11 189
11 167
11 67
11 122
11 166
11 44
11 80
11 167
11 66
11 59
11 151
11 0
11 69
11 31
11 23
11 93
11 56
11 48
11 14
11 79
11 27
11 118
11 31
11 52
11 3
11 47
11 59
11 43
11 98
11 118
11 166
11 101
11 54
11 44
11 50
11 2
11 150
11 167
11 31
11 6
11 3
11 161
11 48
11 98
11 9
11 43
11 20
11 70
11 166
11 135
11 165
11 143
11 80
11 161
11 10
11 98
11 109
11 8
11 167
11 0
11 101
11 125
11 43
11 189
11 149
11 63
11 67
11 98
11 144
11 19
11 22
11 37
11 111
11 67
11 144
11 33
11 78
11 101
11 122
11 161
11 79
11 47
11 28
11 48
11 98
11 152
11 7
11 117
11 188
11 129
11 106
11 102
11 151
11 142
11 18
11 165
11 2
11 98
11 142
11 118
11 150
12 101
12 42
12 186
12 1
12 59
12 182
12 15
12 183
12 120
12 144
12 42
12 129
12 111
12 167
12 2
12 91
12 158
12 48
12 23
12 118
12 49
12 27
12 118
12 81
12 119
12 26
12 1
12 71
12 164
12 171
12 66
12 147
12 147
12 43
12 177
12 52
12 31
12 150
12 148
12 67
12 16
12 44
12 1
12 93
12 23
12 61
12 151
12 129
12 2
12 122
12 75
12 2
12 188
12 115
12 2
12 142
12 133
12 101
12 185
12 150
12 54
12 39
12 94
12 52
12 1
12 51
12 2
12 70
12 154
12 48
12 144
12 51
12 25
12 42
12 122
12 48
12 159
12 34
12 187
12 52
12 48
12 159
12 171
12 173
12 98
12 144
12 22
12 145
12 33
12 2
12 43
12 63
12 125
12 11
12 96
12 130
12 48
12 44
12 7
12 60
12 63
12 119
12 125
12 166
12 166
12 16
12 6
12 22
12 147
12 173
12 43
12 175
12 2
12 100
12 106
12 173
12 71
12 63
12 137
12 67
12 2
12 103
12 166
12 14
12 28
12 144
12 80
12 71
12 1
12 94
12 189
12 91
12 151
12 152
12 2
12 167
12 173
12 122
12 70
12 39
12 160
12 115
12 48
12 80
12 112
12 102
12 84
12 189
12 71
12 111
12 47
12 27
13 146
13 122
13 80
13 48
13 103
13 157
13 71
13 94
13 117
13 135
13 91
13 2
13 15
13 161
13 62
13 102
13 84
13 135
13 189
13 44
13 19
13 144
13 42
13 162
13 135
13 167
13 166
13 145
13 33
13 167
13 93
13 67
13 102
13 106
13 106
13 188
13 2
13 139
13 23
13 142
13 52
13 87
13 173
13 188
13 3
13 117
13 152
13 162
13 119
13 79
13 146
13 27
13 154
13 27
13 84
13 136
13 167
13 111
13 60
13 182
13 129
13 95
13 148
13 122
13 142
13 98
13 125
13 16
13 98
13 1
13 103
13 147
13 33
13 161
13 103
13 156
13 190
13 144
13 43
13 144
13 186
13 89
13 37
13 116
13 89
13 161
13 48
13 154
13 135
13 166
13 144
13 8
13 139
13 160
13 161
13 146
13 84
13 96
13 80
13 6
13 1
13 37
13 16
13 48
13 177
13 15
13 144
13 161
13 42
13 106
13 37
13 89
13 1
13 103
13 139
13 54
13 161
13 52
13 143
13 161
13 162
13 48
13 90
13 27
13 181
13 98
13 54
13 60
13 104
13 134
13 144
13 84
13 1
13 20
13 7
13 102
13 69
13 1
13 142
13 70
14 2
14 147
14 167
14 98
14 11
14 136
14 48
14 37
14 16
14 144
14 48
14 48
14 147
14 96
14 2
14 166
14 1
14 18
14 1
14 48
14 118
14 163
14 31
14 158
14 134
14 98
14 142
14 20
14 101
14 48
14 147
14 111
14 2
14 142
14 162
14 102
14 31
14 170
14 18
14 129
14 28
14 56
14 113
14 56
14 118
14 115
14 59
14 63
14 98
14 1
14 163
14 111
14 89
14 96
14 144
14 115
14 79
14 182
14 154
14 73
14 144
14 52
14 190
14 103
14 42
14 149
14 137
14 167
14 1
14 19
14 64
14 43
14 173
14 130
14 148
14 36
14 62
14 98
14 20
14 33
14 53
14 37
14 136
14 16
14 18
14 14
14 185
14 39
14 18
14 147
14 168
14 136
14 166
14 0
14 146
14 0
14 133
14 144
14 194
14 188
14 1
14 194
14 42
14 156
14 70
14 165
14 166
14 158
14 23
14 103
14 89
14 0
14 67
14 18
14 62
14 69
14 71
14 22
14 8
14 27
14 115
14 90
14 36
14 144
14 42
14 162
14 125
14 23
14 59
14 8
14 48
14 31
14 167
14 48
14 67
14 11
14 138
14 18
14 130
14 102
15 53
15 103
15 115
15 16
15 119
15 171
15 139
15 6
15 98
15 64
15 144
15 1
15 167
15 103
15 18
15 185
15 16
15 84
15 148
15 33
15 70
15 7
15 126
15 186
15 8
15 146
15 166
15 144
15 18
15 167
15 71
15 54
15 136
15 56
15 14
15 164
15 37
15 27
15 162
15 36
15 103
15 48
15 120
15 80
15 2
15 71
15 1
15 52
15 96
15 28
15 130
15 7
15 16
15 135
15 154
15 135
15 161
15 149
15 190
15 115
15 183
15 31
15 136
15 135
15 133
15 98
15 1
15 71
15 71
15 125
15 181
15 52
15 16
15 54
15 12
15 80
15 134
15 150
15 39
15 2
15 43
15 27
15 16
15 52
15 28
15 146
15 31
15 101
15 144
15 91
15 111
15 177
15 1
15 37
15 42
15 56
15 126
15 173
15 163
15 0
15 159
15 52
15 1
15 161
15 147
15 98
15 48
15 56
15 73
15 31
15 52
15 70
15 166
15 103
15 136
15 22
15 151
15 24
15 154
15 129
15 2
15 31
15 142
15 23
15 167
15 96
15 48
15 90
15 53
15 84
15 160
16 162
16 102
16 161
16 142
16 52
16 18
16 183
16 0
16 52
16 48
16 71
16 186
16 75
16 33
16 103
16 10
16 173
16 123
16 73
16 60
16 14
16 2
16 152
16 103
16 52
16 154
16 118
16 147
16 71
16 24
16 48
16 98
16 125
16 166
16 61
16 27
16 11
16 115
16 23
16 161
16 166
16 173
16 96
16 161
16 136
16 167
16 102
16 101
16 87
16 1
16 18
16 84
16 48
16 96
16 188
16 98
16 7
16 56
16 160
16 130
16 98
16 180
16 25
16 70
16 80
16 162
16 83
16 53
16 158
16 89
16 96
16 161
16 115
16 145
16 118
16 29
16 24
16 158
16 165
16 118
16 56
16 42
16 102
16 162
16 67
16 177
16 143
16 4
16 167
16 24
16 28
16 1
16 161
16 185
16 27
16 166
16 53
16 73
16 42
16 22
16 144
16 96
16 189
16 55
16 52
16 98
16 120
16 144
16 90
16 98
16 144
16 83
16 177
16 116
16 167
16 8
16 148
16 96
16 48
16 52
16 167
16 92
16 28
16 22
17 167
17 53
17 42
17 147
17 171
17 79
17 173
17 54
17 94
17 173
17 80
17 60
17 57
17 152
17 161
17 71
17 106
17 7
17 115
17 188
17 172
17 31
17 148
17 105
17 6
17 181
17 42
17 59
17 166
17 8
17 139
17 52
17 2
17 18
17 138
17 144
17 94
17 67
17 110
17 34
17 177
17 48
17 73
17 79
17 183
17 173
17 15
17 111
17 12
17 14
17 111
17 70
17 154
17 103
17 42
17 78
17 26
17 145
17 189
17 67
17 52
17 48
17 154
17 116
17 6
17 48
17 150
17 144
17 162
17 96
17 93
17 98
17 62
17 42
17 130
17 185
17 147
17 186
17 71
17 12
17 27
17 154
17 115
17 79
17 167
17 110
17 67
17 101
17 7
17 89
17 1
17 83
17 190
17 175
17 31
17 136
17 173
17 27
17 8
17 9
17 0
17 145
17 173
17 52
17 54
17 101
17 67
17 161
17 34
17 166
17 161
17 37
17 67
17 118
17 167
17 75
17 96
17 167
18 167
18 98
18 53
18 159
18 59
18 125
18 16
18 148
18 56
18 2
18 147
18 112
18 52
18 84
18 59
18 142
18 166
18 154
18 173
18 94
18 96
18 126
18 189
18 94
18 166
18 146
18 134
18 0
18 161
18 59
18 59
18 11
18 81
18 8
18 90
18 147
18 81
18 140
18 129
18 52
18 37
18 161
18 161
18 36
18 126
18 110
18 183
18 183
18 90
18 3
18 145
18 48
18 188
18 173
18 103
18 98
18 164
18 8
18 24
18 150
18 120
18 91
18 34
18 158
18 16
18 27
18 167
18 75
18 42
18 186
18 160
18 187
18 167
18 31
18 8
18 35
18 42
18 7
18 161
18 154
18 84
18 27
18 22
18 145
18 90
18 150
18 0
18 186
18 16
18 18
18 147
18 42
18 161
18 188
18 22
18 15
18 25
18 106
18 102
18 166
18 20
18 44
18 11
18 159
18 129
18 18
18 154
18 84
18 150
18 31
18 71
18 110
18 42
18 33
18 161
18 79
18 145
18 194
18 91
18 142
18 144
18 139
19 27
19 73
19 167
19 52
19 68
19 79
19 186
19 128
19 93
19 135
19 32
19 22
19 148
19 148
19 59
19 33
19 117
19 154
19 20
19 27
19 22
19 93
19 7
19 98
19 149
19 52
19 52
19 156
19 142
19 8
19 6
19 163
19 56
19 173
19 71
19 94
19 18
19 151
19 181
19 70
19 144
19 42
19 66
19 115
19 190
19 16
19 1
19 158
19 148
19 42
19 188
19 133
19 23
19 136
19 194
19 67
19 15
19 1
19 149
19 91
19 140
19 1
19 122
19 146
19 80
19 171
19 0
19 48
19 14
19 54
19 133
19 27
19 158
19 163
19 163
19 161
19 59
19 33
19 106
19 67
19 48
19 145
19 136
19 166
19 52
19 0
19 11
19 189
19 161
19 69
19 67
19 96
19 145
19 129
19 23
19 80
19 111
19 161
19 151
19 23
19 56
19 47
19 146
19 51
19 147
19 167
19 70
19 84
19 26
19 4
20 146
20 146
20 115
20 114
20 183
20 79
20 33
20 66
20 54
20 84
20 120
20 183
20 161
20 59
20 181
20 189
20 1
20 146
20 129
20 71
20 155
20 59
20 143
20 70
20 61
20 146
20 1
20 80
20 33
20 73
20 147
20 42
20 112
20 56
20 147
20 161
20 180
20 166
20 146
20 166
20 42
20 161
20 129
20 147
20 18
20 115
20 142
20 75
20 37
20 18
20 50
20 161
20 23
20 98
20 102
20 101
20 81
20 167
20 146
20 90
20 63
20 147
20 134
20 98
20 36
20 146
20 146
20 120
20 63
20 7
20 96
20 67
20 161
20 165
20 130
20 118
20 173
20 7
20 1
20 102
20 103
20 152
20 161
20 56
20 8
20 2
20 22
20 1
20 31
20 71
20 167
20 177
20 103
20 78
20 167
20 98
20 1
20 37
20 37
20 102
20 6
20 135
20 154
20 0
20 189
20 79
20 144
20 143
20 10
20 11
20 161
20 119
20 1
20 27
20 18
20 142
20 102
20 87
21 103
21 127
21 111
21 3
21 16
21 18
21 18
21 8
21 158
21 71
21 173
21 49
21 167
21 27
21 144
21 75
21 67
21 42
21 59
21 171
21 52
21 98
21 2
21 4
21 35
21 67
21 102
21 10
21 161
21 137
21 52
21 94
21 70
21 154
21 166
21 79
21 142
21 103
21 28
21 101
21 136
21 60
21 142
21 148
21 169
21 168
21 9
21 187
21 102
21 9
21 75
21 98
21 84
21 146
21 165
21 11
21 16
21 151
21 71
21 186
21 85
21 0
21 71
21 159
21 91
21 135
21 194
21 163
21 47
21 86
21 144
21 10
21 98
21 43
21 2
21 10
21 56
21 160
21 94
21 188
21 71
21 25
21 90
21 101
21 167
21 16
21 54
21 18
21 52
21 87
21 145
21 42
21 160
21 158
21 6
21 144
21 43
21 116
21 125
21 71
21 46
21 16
21 129
21 106
21 188
21 39
21 80
21 8
22 114
22 166
22 190
22 146
22 7
22 33
22 22
22 31
22 36
22 59
22 190
22 183
22 134
22 186
22 73
22 54
22 15
22 161
22 48
22 7
22 73
22 102
22 50
22 71
22 15
22 96
22 29
22 44
22 23
22 161
22 166
22 67
22 84
22 43
22 63
22 33
22 136
22 3
22 33
22 148
22 93
22 33
22 129
22 147
22 6
22 101
22 135
22 71
22 31
22 189
22 39
22 171
22 91
22 148
22 15
22 52
22 115
22 23
22 4
22 44
22 81
22 166
22 49
22 149
22 144
22 18
22 52
22 102
22 23
22 15
22 181
22 78
22 147
22 52
22 112
22 52
22 71
22 31
22 145
22 54
22 111
22 115
22 110
22 60
22 69
22 106
22 59
22 115
22 0
22 147
22 126
22 130
22 151
22 134
22 125
22 54
22 115
22 84
22 115
22 8
22 43
22 181
22 180
22 87
22 52
22 102
22 33
22 18
22 36
22 79
22 122
22 93
22 173
22 149
23 90
23 142
23 59
23 115
23 147
23 115
23 57
23 2
23 42
23 149
23 194
23 8
23 71
23 134
23 115
23 102
23 49
23 4
23 70
23 98
23 2
23 115
23 42
23 48
23 154
23 186
23 59
23 33
23 146
23 35
23 55
23 102
23 115
23 115
23 136
23 70
23 145
23 61
23 52
23 98
23 73
23 8
23 56
23 62
23 67
23 150
23 136
23 142
23 101
23 125
23 145
23 115
23 96
23 186
23 53
23 44
23 16
23 33
23 18
23 115
23 24
23 12
23 15
23 24
23 154
23 84
23 144
23 93
23 53
23 39
23 15
23 169
23 96
23 12
23 115
23 150
23 33
23 28
23 171
23 146
23 47
23 147
23 7
23 71
23 22
23 43
23 7
23 145
23 0
23 122
23 194
23 98
23 52
23 33
23 150
23 65
23 168
23 54
23 166
23 167
23 56
23 167
23 158
23 160
23 163
23 59
23 1
23 136
23 48
23 49
23 125
23 67
24 91
24 12
24 160
24 167
24 115
24 52
24 118
24 75
24 156
24 36
24 161
24 63
24 165
24 182
24 1
24 144
24 159
24 115
24 119
24 34
24 20
24 136
24 63
24 151
24 71
24 193
24 96
24 182
24 18
24 102
24 152
24 91
24 18
24 175
24 125
24 18
24 71
24 118
24 10
24 2
24 71
24 31
24 18
24 84
24 173
24 2
24 148
24 84
24 161
24 173
24 89
24 156
24 139
24 54
24 0
24 136
24 163
24 118
24 98
24 52
24 189
24 52
24 182
24 44
24 84
24 93
24 56
24 7
24 173
24 173
24 147
24 136
24 60
24 173
24 68
24 89
24 190
24 119
24 173
24 159
24 161
24 59
24 42
24 187
24 102
24 43
24 52
24 139
24 189
24 181
24 20
24 52
24 31
24 171
24 177
25 166
25 8
25 116
25 0
25 3
25 59
25 43
25 2
25 59
25 177
25 48
25 14
25 163
25 111
25 81
25 117
25 33
25 54
25 114
25 73
25 103
25 2
25 42
25 100
25 190
25 2
25 96
25 79
25 84
25 145
25 33
25 163
25 190
25 80
25 167
25 147
25 40
25 154
25 71
25 8
25 180
25 8
25 158
25 2
25 33
25 161
25 186
25 94
25 34
25 129
25 111
25 165
25 91
25 146
25 1
25 161
25 115
25 166
25 3
25 18
25 167
25 13
25 31
25 87
25 136
25 150
25 183
25 33
25 25
25 125
25 9
25 103
25 167
25 37
25 166
26 146
26 63
26 97
26 59
26 2
26 54
26 167
26 116
26 6
26 126
26 83
26 43
26 103
26 101
26 135
26 158
26 102
26 52
26 14
26 7
26 111
26 85
26 142
26 22
26 56
26 190
26 106
26 59
26 69
26 138
26 102
26 18
26 111
26 16
26 148
26 52
26 7
26 18
26 23
26 87
26 18
26 160
26 132
26 1
26 37
26 28
26 145
26 148
26 14
26 122
26 37
26 42
26 26
26 43
26 98
26 115
26 142
26 129
26 149
26 28
26 98
26 42
26 52
26 42
26 69
27 31
27 185
27 172
27 52
27 98
27 101
28 162
28 129
28 7
28 173
28 17
28 26
28 28
28 24
28 15
28 77
28 66
28 154
28 116
28 169
28 80
28 9
28 33
28 139
28 166
28 4
28 149
28 80
28 168
28 16
28 3
28 81
28 102
28 28
28 183
28 89
28 93
28 135
28 84
28 145
28 135
28 98
28 115
28 33
28 10
28 15
28 44
28 34
28 79
28 1
28 130
28 158
28 90
28 178
28 18
28 139
28 173
28 2
28 129
28 137
28 27
28 27
28 161
28 2
28 87
28 148
28 56
28 44
29 6
29 52
29 87
29 11
29 166
29 3
29 139
29 143
29 61
29 49
29 139
29 151
29 22
29 102
29 42
29 117
29 52
29 189
29 69
29 190
29 36
29 59
29 102
29 12
29 18
29 68
29 158
29 101
29 131
29 158
29 20
29 145
29 0
29 114
29 3
29 143
29 24
30 27
30 34
30 34
30 10
30 87
30 111
30 171
30 158
30 24
30 34
30 27
30 14
30 156
30 180
30 181
30 151
30 63
30 44
30 27
30 159
30 7
30 98
30 117
30 8
30 110
30 33
30 2
30 63
30 110
30 111
30 33
30 189
30 18
30 24
30 136
30 27
30 158
30 115
30 91
30 66
30 24
30 139
30 7
30 24
31 141
31 129
31 80
31 33
31 145
31 94
31 6
31 136
31 31
31 161
31 177
31 10
31 34
31 22
31 2
31 33
31 91
31 14
31 7
31 54
31 25
31 159
31 11
31 133
31 102
31 105
31 91
31 34
31 36
31 158
31 139
31 33
31 53
31 44
31 79
31 59
31 139
31 158
32 96
32 22
32 22
32 129
32 171
32 139
32 47
32 80
32 44
32 139
32 68
32 115
32 143
32 48
32 173
32 140
32 7
32 18
32 4
32 101
32 91
32 59
32 139
32 60
32 70
32 91
32 71
32 28
32 126
32 71
32 165
32 93
32 56
32 159
32 130
32 102
32 54
33 33
33 87
33 93
33 71
33 33
33 93
33 7
33 36
33 36
33 3
33 188
33 159
33 93
33 134
33 59
33 139
33 108
33 0
33 3
33 33
33 130
33 56
33 33
33 188
33 139
33 62
33 71
33 114
33 78
33 169
33 3
33 145
33 40
33 96
33 91
33 70
33 119
34 44
34 7
34 60
34 42
34 190
34 136
34 80
34 44
34 102
34 63
34 8
34 130
34 135
34 15
34 63
34 96
34 115
34 158
34 6
34 18
34 114
34 129
34 135
34 3
34 111
34 95
34 7
34 7
34 135
34 158
34 67
34 174
34 18
34 8
34 54
34 91
34 44
34 116
34 91
34 56
34 143
34 151
34 114
34 8
34 70
34 165
34 157
34 143
34 14
34 157
34 33
35 171
35 174
35 119
35 139
35 96
35 114
35 70
35 54
35 31
35 56
35 67
35 190
35 93
35 108
35 49
35 3
35 159
35 44
35 44
35 102
35 3
35 33
35 116
35 91
35 161
35 102
35 171
35 117
35 18
35 194
35 33
35 0
35 44
35 67
35 112
35 168
35 18
35 102
35 18
35 96
35 182
35 7
35 18
35 102
35 114
35 52
35 49
35 49
35 171
35 108
35 53
36 48
36 56
36 55
36 125
36 70
36 173
36 114
36 70
36 21
36 68
36 10
36 114
36 181
36 71
36 96
36 3
36 86
36 157
36 59
36 70
36 167
36 15
36 135
36 171
36 43
36 56
36 145
36 54
36 145
37 44
37 115
37 184
37 145
37 10
37 2
37 3
37 51
37 144
37 14
37 149
37 115
37 40
37 116
37 136
37 44
37 183
37 136
37 44
37 170
37 70
37 52
37 93
38 156
38 146
38 110
38 68
38 96
38 159
38 34
38 21
38 107
38 13
38 51
38 67
38 59
38 93
38 139
39 165
39 18
39 141
39 186
39 24
39 182
39 3
39 139
39 62
39 70
39 136
39 4
39 33
39 43
39 190
39 36
40 31
40 91
40 60
40 101
40 18
40 136
40 168
40 7
40 51
40 7
40 10
40 48
40 63
40 117
40 167
40 3
40 6
41 182
41 27
41 3
41 102
41 150
41 173
42 10
42 15
42 7
42 145
42 101
42 34
42 112
42 9
42 75
42 33
42 19
42 122
42 129
42 145
42 33
42 63
43 108
43 90
43 145
43 80
43 4
43 167
43 160
43 91
43 8
43 84
44 178
44 151
44 79
44 27
44 100
44 20
44 80
44 160
44 115
44 81
44 171
44 156
44 68
44 87
45 51
45 115
45 131
45 15
45 87
45 88
45 136
45 167
45 160
45 136
45 18
45 119
45 134
45 145
45 7
45 135
45 79
45 84
45 96
46 131
46 131
46 188
46 9
46 128
46 183
46 165
46 158
46 91
46 5
46 96
46 79
46 190
46 168
46 70
46 194
46 4
46 183
47 111
47 188
47 53
47 143
47 33
47 31
47 156
47 158
47 160
47 28
47 106
47 122
47 149
47 4
47 118
47 49
48 143
48 81
48 86
48 61
48 79
48 78
48 168
48 68
48 120
48 193
48 20
48 183
48 89
48 154
48 80
48 67
48 24
48 28
48 122
49 118
49 8
49 158
49 160
49 97
49 116
49 43
49 145
49 110
49 181
49 16
49 118
49 96
49 43
49 107
49 55
49 144
49 63
49 59
49 85
49 26
49 101
49 23
50 34
50 8
50 194
50 78
50 33
50 56
50 84
50 129
50 78
50 50
50 78
50 0
50 111
50 188
50 173
50 3
50 164
50 72
50 8
50 115
50 42
50 43
50 122
50 129
50 129
51 4
51 188
51 150
51 66
51 20
51 15
51 136
51 8
51 116
51 160
51 52
51 83
51 188
51 142
51 118
51 158
51 20
51 118
51 63
51 22
51 4
51 73
51 163
51 43
51 171
51 193
51 134
51 84
52 173
52 131
52 96
52 146
52 189
52 53
52 69
52 66
52 18
52 53
52 107
52 106
52 160
52 102
52 154
52 112
52 111
52 79
52 85
52 43
52 7
52 188
52 111
52 110
52 188
52 81
52 28
52 61
52 189
52 44
52 20
53 81
53 33
53 20
53 28
53 158
53 154
53 131
53 91
53 6
53 171
53 25
53 0
53 90
53 180
53 56
53 49
53 84
53 49
53 66
53 128
53 59
53 126
53 8
53 111
53 122
53 143
53 109
53 49
53 160
53 105
53 100
53 31
53 188
53 53
54 107
54 78
54 51
54 78
54 193
54 54
54 134
54 8
54 159
54 8
54 97
54 8
54 33
54 101
54 107
54 129
54 85
54 146
54 23
54 114
54 160
54 8
54 44
54 34
54 84
54 14
54 101
54 43
54 101
54 180
54 148
54 180
54 188
54 160
54 111
54 34
54 160
54 63
54 158
54 118
54 87
55 129
55 103
55 166
55 43
55 81
55 89
55 84
55 171
55 191
55 100
55 25
55 150
55 25
55 70
55 69
55 59
55 73
55 148
55 42
55 111
55 107
55 147
55 37
55 54
55 139
55 191
55 23
55 78
55 61
55 29
55 136
55 49
55 73
55 120
55 79
55 158
55 126
55 61
55 111
55 63
55 191
55 8
55 83
55 87
55 188
55 66
55 25
56 170
56 111
56 173
56 63
56 67
56 187
56 137
56 116
56 102
56 154
56 66
56 7
56 170
56 27
56 111
56 93
56 59
56 146
56 79
56 154
56 18
56 8
56 129
56 0
56 84
56 110
56 125
56 122
56 7
56 125
56 126
56 177
56 12
56 159
56 93
56 161
56 49
56 49
56 160
56 18
56 122
56 136
56 16
56 31
56 169
56 62
56 139
56 129
56 157
56 138
56 12
56 189
56 63
56 118
56 140
56 54
56 40
56 54
56 96
56 191
56 188
56 137
57 33
57 45
57 143
57 160
57 34
57 166
57 81
57 120
57 162
57 56
57 42
57 143
57 188
57 14
57 118
57 6
57 118
57 25
57 59
57 188
57 80
57 20
57 7
57 14
57 185
57 102
57 188
57 62
57 173
57 115
57 2
57 159
57 7
57 27
57 89
57 25
57 129
57 152
57 98
57 69
57 159
57 89
57 168
57 111
57 42
57 24
57 103
57 22
57 94
57 131
57 96
57 11
57 188
57 154
57 154
57 188
57 120
57 97
57 75
57 73
57 188
57 154
57 114
57 174
57 166
57 135
57 6
57 15
57 145
57 140
57 79
57 58
57 48
58 62
58 146
58 68
58 187
58 31
58 154
58 6
58 24
58 166
58 173
58 110
58 128
58 73
58 43
58 4
58 6
58 10
58 59
58 170
58 2
58 48
58 148
58 71
58 20
58 66
58 25
58 84
58 66
58 78
58 9
58 163
58 12
58 67
58 188
58 49
58 44
58 52
58 89
58 89
58 120
58 60
58 115
58 28
58 87
58 10
58 113
58 89
58 118
58 120
58 191
58 119
58 68
58 135
58 44
58 23
58 169
58 171
58 118
58 109
58 59
58 163
58 6
58 91
58 15
58 72
58 105
58 28
58 0
58 27
58 183
58 189
58 158
58 162
58 118
58 94
58 2
58 79
58 162
58 23
58 73
58 129
58 48
58 118
58 90
58 149
58 159
58 23
58 125
58 59
58 159
58 101
58 171
58 160
58 145
58 163
58 27
58 0
58 6
58 154
59 84
59 98
59 120
59 1
59 22
59 129
59 63
59 27
59 131
59 67
59 79
59 165
59 130
59 120
59 154
59 43
59 13
59 146
59 161
59 31
59 34
59 22
59 180
59 154
59 67
59 159
59 37
59 183
59 49
59 20
59 12
59 10
59 36
59 118
59 101
59 103
59 18
59 103
59 108
59 98
59 144
59 148
59 67
59 129
59 43
59 98
59 3
59 120
59 188
59 143
59 1
59 15
59 160
59 33
59 153
59 40
59 27
59 158
59 158
59 189
59 45
59 192
59 3
59 125
59 17
59 122
59 25
59 93
59 135
59 23
59 159
59 111
59 12
59 19
59 116
59 118
59 174
59 22
59 116
59 97
59 106
59 42
59 133
59 78
59 174
59 149
59 125
59 71
59 143
60 71
60 28
60 129
60 127
60 117
60 118
60 151
60 3
60 33
60 160
60 146
60 6
60 81
60 1
60 66
60 37
60 146
60 12
60 87
60 160
60 37
60 0
60 144
60 111
60 169
60 13
60 52
60 71
60 170
60 186
60 158
60 67
60 161
60 160
60 154
60 84
60 15
60 135
60 49
60 15
60 168
60 4
60 66
60 140
60 168
60 8
60 144
60 2
60 133
60 183
60 89
60 13
60 145
60 122
60 89
60 183
60 98
60 102
60 54
60 146
60 52
60 31
60 52
60 119
60 171
60 151
60 10
60 111
60 13
60 125
60 66
60 9
60 170
60 101
60 1
60 14
60 91
60 75
60 103
60 134
60 139
60 106
60 111
60 33
60 162
60 18
60 118
60 192
60 14
60 53
60 163
60 20
60 23
60 6
60 122
60 146
60 146
60 79
60 22
61 10
61 118
61 142
61 147
61 158
61 151
61 20
61 59
61 159
61 113
61 106
61 71
61 6
61 103
61 107
61 20
61 118
61 146
61 49
61 10
61 188
61 118
61 188
61 165
61 2
61 188
61 111
61 146
61 0
61 9
61 8
61 23
61 13
61 66
61 59
61 136
61 143
61 166
61 73
61 137
61 161
61 81
61 143
61 56
61 54
61 152
61 143
61 188
61 191
61 66
61 11
61 148
61 66
61 9
61 53
61 42
61 6
61 189
61 150
61 20
61 10
61 159
61 146
61 115
61 138
61 34
61 142
61 55
61 6
61 166
61 126
61 78
61 152
61 69
61 154
61 93
61 79
61 103
61 6
61 167
61 106
61 59
61 122
61 22
61 188
61 66
61 16
61 185
61 95
61 150
61 1
61 98
61 71
61 27
61 33
61 155
61 37
61 108
61 188
61 19
61 166
61 145
61 72
61 119
61 106
61 154
61 79
61 7
61 1
61 84
61 56
62 22
62 115
62 115
62 144
62 188
62 65
62 181
62 10
62 110
62 93
62 21
62 86
62 6
62 185
62 177
62 93
62 122
62 171
62 152
62 161
62 53
62 118
62 34
62 118
62 188
62 187
62 27
62 189
62 137
62 84
62 7
62 6
62 43
62 42
62 97
62 119
62 14
62 1
62 6
62 145
62 98
62 130
62 120
62 146
62 159
62 101
62 24
62 10
62 3
62 167
62 173
62 1
62 173
62 188
62 1
62 44
62 87
62 118
62 51
62 66
62 131
62 189
62 188
62 79
62 115
62 66
62 121
62 170
62 161
62 139
62 105
62 37
62 55
62 34
62 80
62 170
62 43
62 2
62 140
62 43
62 79
62 34
62 154
62 167
62 189
62 14
62 1
62 127
62 60
62 44
62 68
62 6
62 189
62 51
62 147
62 147
62 167
62 188
62 190
62 102
62 22
62 142
62 10
62 66
62 116
62 8
63 117
63 92
63 158
63 161
63 66
63 151
63 149
63 96
63 8
63 122
63 165
63 0
63 115
63 89
63 2
63 19
63 103
63 118
63 2
63 18
63 84
63 144
63 79
63 56
63 145
63 23
63 43
63 188
63 168
63 79
63 118
63 56
63 141
63 42
63 161
63 154
63 118
63 160
63 51
63 1
63 6
63 118
63 19
63 144
63 43
63 89
63 142
63 59
63 135
63 93
63 146
63 48
63 75
63 59
63 130
63 27
63 2
63 81
63 0
63 93
63 64
63 142
63 84
63 138
63 146
63 6
63 49
63 10
63 49
63 87
63 24
63 146
63 160
63 166
63 49
63 71
63 66
63 129
63 59
63 27
63 17
63 83
63 29
63 36
63 81
63 115
63 159
63 166
63 118
63 36
63 119
63 144
63 118
63 142
63 79
63 128
63 57
63 28
63 161
63 1
63 43
63 61
63 183
63 1
64 28
64 94
64 8
64 1
64 27
64 1
64 109
64 27
64 115
64 23
64 9
64 79
64 28
64 8
64 1
64 23
64 79
64 190
64 105
64 155
64 118
64 91
64 117
64 84
64 143
64 7
64 189
64 71
64 160
64 15
64 67
64 51
64 56
64 20
64 54
64 66
64 118
64 151
64 20
64 129
64 64
64 147
64 73
64 159
64 167
64 71
64 151
64 47
64 162
64 110
64 22
64 146
64 68
64 156
64 6
64 1
64 134
64 143
64 10
64 81
64 91
64 146
64 116
64 145
64 148
64 31
64 69
64 167
64 128
64 58
64 66
64 37
64 146
64 133
64 42
64 51
64 189
64 94
64 144
64 3
64 147
64 52
64 10
64 15
64 148
64 84
64 151
64 119
64 75
64 160
64 61
64 1
64 146
64 155
64 177
64 28
64 28
64 24
64 148
64 5
64 27
64 166
64 53
64 85
65 66
65 66
65 54
65 162
65 133
65 109
65 188
65 146
65 62
65 56
65 22
65 133
65 129
65 169
65 188
65 54
65 139
65 31
65 146
65 167
65 129
65 144
65 96
65 147
65 1
65 79
65 19
65 181
65 134
65 61
65 102
65 188
65 173
65 96
65 194
65 174
65 10
65 171
65 24
65 71
65 48
65 125
65 81
65 134
65 20
65 63
65 14
65 1
65 159
65 16
65 183
65 75
65 2
65 135
65 143
65 159
65 95
65 161
65 94
65 7
65 78
65 11
65 183
65 144
65 186
65 115
65 144
65 9
65 0
65 18
65 22
65 98
65 66
65 151
65 167
65 167
65 66
65 43
65 86
65 147
65 108
65 101
65 188
65 34
65 6
65 7
66 167
66 73
66 20
66 48
66 22
66 171
66 105
66 85
66 133
66 174
66 154
66 148
66 160
66 27
66 102
66 103
66 115
66 22
66 37
66 85
66 118
66 83
66 84
66 71
66 42
66 154
66 42
66 2
66 98
66 154
66 44
66 158
66 103
66 135
66 118
66 42
66 18
66 166
66 83
66 118
66 79
66 80
66 27
66 62
66 59
66 129
66 52
66 102
66 108
66 122
66 145
66 98
66 5
66 42
66 0
66 182
66 152
66 147
66 130
66 146
66 71
66 167
66 67
66 174
66 136
66 2
66 146
66 28
66 28
66 173
66 186
66 188
66 136
66 52
66 98
66 80
66 191
66 171
66 152
66 151
66 145
66 70
66 20
66 23
66 49
66 10
67 156
67 105
67 22
67 66
67 106
67 71
67 62
67 52
67 161
67 98
67 189
67 131
67 160
67 180
67 135
67 161
67 1
67 119
67 11
67 89
67 148
67 188
67 173
67 188
67 34
67 190
67 23
67 91
67 159
67 123
67 129
67 79
67 37
67 48
67 133
67 10
67 52
67 172
67 64
67 28
67 79
67 2
67 189
67 189
67 166
67 93
67 36
67 79
67 106
67 6
67 28
67 53
67 162
67 49
67 62
67 73
67 9
67 10
67 10
67 101
67 37
67 4
67 98
67 103
67 37
67 68
67 78
67 61
67 31
67 98
67 62
67 43
67 107
67 102
67 1
67 84
67 166
67 131
67 171
67 104
67 10
67 22
67 96
67 79
67 0
67 156
67 165
68 98
68 161
68 34
68 108
68 86
68 174
68 66
68 87
68 84
68 189
68 167
68 102
68 188
68 158
68 129
68 8
68 121
68 94
68 49
68 145
68 87
68 115
68 142
68 1
68 105
68 65
68 103
68 185
68 66
68 31
68 16
68 100
68 16
68 59
68 106
68 4
68 1
68 62
68 17
68 161
68 43
68 180
68 1
68 102
68 96
68 146
68 53
68 96
68 151
68 67
68 34
68 129
68 159
68 147
68 1
68 81
68 152
68 136
68 142
68 31
68 70
68 122
68 120
68 142
68 75
68 47
68 178
68 1
68 53
68 103
68 31
68 81
68 64
68 189
68 49
68 22
68 10
69 62
69 25
69 160
69 83
69 158
69 21
69 110
69 40
69 166
69 4
69 75
69 166
69 22
69 150
69 91
69 53
69 6
69 59
69 115
69 154
69 11
69 19
69 1
69 151
69 173
69 4
69 67
69 165
69 87
69 104
69 151
69 182
69 71
69 183
69 115
69 185
69 154
69 31
69 177
69 73
69 119
69 158
69 10
69 144
69 43
69 114
69 121
69 144
69 24
69 147
69 1
69 59
69 97
69 81
69 144
69 84
69 191
69 83
69 43
69 188
69 1
69 2
69 59
69 158
69 91
69 101
69 134
69 1
69 100
69 115
69 139
69 0
69 169
69 71
69 145
69 152
69 50
69 103
69 43
69 118
70 16
70 166
70 109
70 4
70 151
70 6
70 33
70 118
70 1
70 87
70 146
70 15
70 102
70 146
70 103
70 49
70 176
70 102
70 43
70 171
70 121
70 147
70 90
70 6
70 145
70 57
70 73
70 37
70 166
70 191
70 52
70 161
70 98
70 183
70 126
70 181
70 66
70 22
70 16
70 188
70 78
70 34
70 91
70 42
70 146
70 36
70 156
70 1
70 27
70 97
70 67
70 118
70 142
70 1
70 48
70 161
70 115
70 90
70 37
70 36
70 125
70 34
70 162
70 43
70 64
70 91
70 1
70 174
70 11
70 154
70 31
70 129
70 95
70 183
70 193
70 102
70 59
70 158
70 53
70 0
70 193
71 89
71 118
71 49
71 39
71 31
71 1
71 130
71 52
71 147
71 193
71 131
71 177
71 10
71 27
71 25
71 1
71 146
71 52
71 98
71 167
71 186
71 1
71 54
71 147
71 134
71 148
71 122
71 183
71 52
71 147
71 144
71 161
71 2
71 13
71 0
71 6
71 172
71 183
71 133
71 78
71 2
71 147
71 42
71 151
71 129
71 168
71 115
71 191
71 84
71 129
71 91
71 54
71 114
71 165
71 187
71 98
71 133
71 2
71 1
71 113
71 52
71 146
71 115
71 163
71 114
71 165
71 160
71 118
72 166
72 73
72 94
72 43
72 101
72 122
72 43
72 20
72 183
72 20
72 154
72 1
72 36
72 115
72 188
72 163
72 80
72 188
72 189
72 22
72 43
72 27
72 94
72 144
72 33
72 22
72 98
72 75
72 10
72 129
72 125
72 66
72 98
72 133
72 145
72 69
72 1
72 89
72 16
72 94
72 73
72 52
72 21
72 140
72 64
72 43
72 114
72 1
72 1
72 145
72 83
72 80
72 6
72 101
72 100
72 94
72 115
72 11
72 128
72 144
72 42
72 163
72 115
72 59
72 11
72 2
72 148
72 1
72 151
72 157
72 181
72 86
72 190
73 125
73 161
73 122
73 147
73 186
73 2
73 190
73 78
73 34
73 20
73 181
73 85
73 125
73 120
73 71
73 1
73 158
73 19
73 59
73 189
73 43
73 49
73 125
73 129
73 34
73 66
73 131
73 165
73 142
73 24
73 147
73 1
73 4
73 140
73 26
73 181
73 94
73 52
73 123
73 111
73 4
73 25
73 23
73 163
73 122
73 151
73 91
73 70
73 1
73 138
73 161
73 142
73 145
73 166
73 7
73 147
73 160
73 86
73 125
73 10
73 1
73 160
73 187
73 122
73 7
73 144
73 64
73 4
73 37
73 53
73 15
73 63
73 2
73 62
73 185
73 162
73 139
73 137
73 24
73 24
73 71
74 186
74 139
74 147
74 16
74 120
74 162
74 27
74 118
74 111
74 75
74 145
74 13
74 98
74 146
74 144
74 15
74 163
74 94
74 188
74 86
74 146
74 167
74 168
74 147
74 47
74 192
74 37
74 186
74 49
74 68
74 80
74 12
74 136
74 156
74 103
74 152
74 1
74 43
74 10
74 145
74 43
74 118
74 75
74 75
74 91
74 37
74 10
74 51
74 146
74 163
74 146
74 10
74 47
74 94
74 63
74 66
74 125
74 144
74 84
74 173
74 184
74 91
74 117
74 106
74 27
74 121
74 129
74 169
74 118
74 64
74 163
74 145
74 145
74 185
74 160
74 43
74 129
74 52
74 134
75 69
75 1
75 188
75 28
75 158
75 173
75 188
75 133
75 186
75 87
75 1
75 1
75 10
75 96
75 189
75 171
75 154
75 98
75 147
75 2
75 71
75 43
75 12
75 161
75 187
75 120
75 4
75 113
75 27
75 181
75 111
75 147
75 33
75 166
75 186
75 6
75 79
75 144
75 75
75 8
75 75
75 186
75 79
75 189
75 43
75 1
75 144
75 116
75 140
75 177
75 139
75 166
75 37
75 23
75 144
75 101
75 194
75 118
75 21
75 47
75 143
75 101
75 98
75 1
75 39
75 9
75 11
75 151
75 62
75 12
75 146
75 162
75 10
75 42
75 154
75 101
75 51
75 94
75 115
75 76
75 166
75 0
75 177
75 145
76 67
76 148
76 1
76 129
76 43
76 190
76 12
76 69
76 39
76 188
76 51
76 2
76 52
76 67
76 144
76 139
76 22
76 43
76 32
76 147
76 147
76 43
76 117
76 35
76 91
76 52
76 71
76 1
76 43
76 161
76 118
76 71
76 145
76 52
76 98
76 133
76 144
76 19
76 27
76 1
76 146
76 117
76 122
76 71
76 42
76 154
76 2
76 148
76 50
76 43
76 43
76 128
76 168
76 16
76 50
76 147
76 176
76 80
76 147
76 129
76 63
76 28
76 71
76 7
76 125
76 47
76 35
76 1
76 10
76 69
76 147
76 169
76 152
76 147
76 161
76 147
76 159
76 188
76 188
76 170
77 142
77 147
77 14
77 11
77 147
77 36
77 92
77 48
77 43
77 117
77 79
77 63
77 147
77 146
77 177
77 100
77 125
77 147
77 59
77 125
77 16
77 185
77 125
77 1
77 2
77 56
77 12
77 129
77 116
77 52
77 86
77 110
77 75
77 118
77 54
77 83
77 98
77 147
77 66
77 129
77 10
77 28
77 147
77 44
77 136
77 6
77 12
77 101
77 16
77 6
77 52
77 103
77 147
77 83
77 16
77 16
77 130
77 154
77 123
77 146
77 123
77 115
77 182
77 42
77 21
77 36
77 12
77 10
77 147
77 162
77 71
77 98
77 80
77 11
77 71
77 89
78 147
78 52
78 177
78 12
78 188
78 186
78 136
78 42
78 52
78 11
78 167
78 136
78 117
78 84
78 101
78 10
78 98
78 15
78 11
78 1
78 101
78 79
78 99
78 185
78 105
78 67
78 189
78 2
78 9
78 1
78 73
78 180
78 10
78 177
78 118
78 79
78 142
78 166
78 94
78 109
78 85
78 167
78 146
78 14
78 152
78 147
78 2
78 89
78 103
78 11
78 52
78 37
78 28
78 48
78 191
78 48
78 103
78 189
78 86
78 136
78 131
78 118
78 54
78 145
78 12
78 167
78 151
78 142
78 2
78 37
78 147
78 42
78 16
78 158
78 2
78 62
78 167
78 166
78 167
78 161
78 169
78 42
78 39
79 52
79 13
79 103
79 60
79 71
79 1
79 150
79 70
79 146
79 33
79 2
79 0
79 37
79 2
79 59
79 43
79 1
79 67
79 4
79 26
79 8
79 35
79 129
79 0
79 165
79 84
79 115
79 0
79 104
79 61
79 23
79 162
79 37
79 147
79 125
79 10
79 152
79 178
79 2
79 134
79 7
79 158
79 189
79 133
79 67
79 1
79 177
79 78
79 167
79 188
79 158
79 10
79 83
79 61
79 111
79 181
79 48
79 163
79 64
79 140
79 34
79 62
79 48
79 60
79 161
79 6
79 1
79 84
79 1
79 98
79 80
79 43
79 181
79 1
79 110
79 89
79 2
79 193
79 36
79 147
79 129
79 170
79 131
