0 35
0 39
0 5
0 38
0 4
0 38
0 24
0 32
0 13
0 1
0 14
0 4
0 41
0 41
0 33
0 38
0 2
0 1
0 27
0 35
0 13
0 7
0 2
0 11
0 27
0 14
0 33
0 33
0 41
0 2
0 19
0 12
0 2
0 2
0 19
0 3
0 2
0 10
0 22
0 9
0 38
0 12
0 21
0 25
0 19
0 7
0 3
0 20
0 37
0 16
0 13
0 13
0 9
0 1
0 38
0 2
0 24
0 15
0 2
0 24
0 36
0 45
0 4
0 8
0 20
0 33
0 48
0 27
0 1
0 19
0 20
0 2
0 11
0 18
0 1
0 24
0 7
0 24
0 13
0 9
0 24
0 27
0 24
0 27
0 32
0 37
0 32
0 20
0 32
0 2
0 9
0 13
0 0
0 38
0 33
0 43
0 19
0 19
0 35
0 49
0 20
0 2
0 2
0 10
0 31
0 2
0 32
0 1
0 22
0 37
0 2
0 2
0 13
0 19
0 35
0 20
0 2
0 1
0 2
0 46
0 13
0 13
0 12
0 25
0 23
0 10
0 24
0 2
0 45
0 33
0 20
0 2
0 13
0 9
0 2
0 3
0 14
0 2
0 19
0 35
0 33
0 2
0 16
0 16
0 1
0 13
0 33
0 2
0 32
0 28
0 12
0 32
0 33
0 19
0 1
0 19
0 20
0 20
0 2
0 45
0 0
0 24
0 13
0 33
0 2
0 22
0 9
0 24
0 19
0 14
0 13
0 28
0 33
0 43
0 32
0 9
0 39
0 13
0 1
0 19
0 2
0 19
0 13
0 24
0 1
0 1
0 13
0 2
0 31
0 20
0 32
0 49
0 11
0 38
0 24
0 33
0 1
0 9
0 12
0 13
0 25
0 11
0 19
0 2
0 38
0 20
0 19
0 33
0 1
0 37
0 9
0 32
0 25
0 2
0 19
0 27
0 13
0 0
0 9
0 5
0 25
0 20
0 9
0 25
0 19
0 33
0 2
0 0
0 1
0 8
0 24
0 1
0 19
0 7
0 0
0 12
0 32
0 9
0 41
0 13
0 3
0 3
0 32
0 38
0 41
0 10
0 24
0 11
0 19
0 20
0 31
0 45
0 20
0 24
0 33
0 49
0 10
0 0
0 32
0 49
0 13
0 0
0 46
0 3
0 12
0 41
0 8
0 20
0 19
0 13
0 35
0 19
0 20
0 38
0 33
0 24
0 9
0 33
0 9
0 20
0 2
0 12
0 49
0 1
0 1
0 19
0 24
0 12
0 19
0 45
0 1
0 14
0 21
0 2
0 38
0 37
0 5
0 24
0 10
0 9
0 27
0 20
0 48
0 18
0 38
0 1
0 20
0 33
0 20
0 19
0 1
0 25
0 0
0 25
0 39
0 2
0 32
0 35
0 41
0 12
0 7
0 8
0 24
0 14
0 16
0 19
0 28
0 19
0 13
0 22
0 9
0 19
0 1
0 11
0 18
0 13
0 9
0 33
0 35
0 19
0 1
0 19
0 25
0 45
0 9
0 1
0 9
0 36
0 1
0 31
0 1
0 21
0 22
0 1
0 9
0 20
0 9
0 0
0 2
0 11
0 9
0 25
0 3
0 0
0 20
0 8
0 43
0 9
0 19
0 1
0 45
0 14
0 13
0 13
0 4
0 25
0 24
0 23
0 8
0 1
0 21
0 16
0 10
0 3
0 35
0 11
0 31
0 23
0 9
0 8
0 13
0 1
0 24
0 19
0 21
0 14
0 49
0 6
0 11
0 15
0 24
0 11
0 16
0 19
0 21
0 12
0 0
0 9
0 38
0 9
0 2
0 13
0 31
0 31
0 9
0 13
0 14
0 38
0 20
0 13
0 12
0 21
0 18
0 37
0 22
0 37
0 2
0 1
0 16
0 7
0 20
0 12
0 19
0 35
0 2
0 4
0 0
0 10
0 32
0 18
0 20
0 20
0 20
0 10
0 12
0 23
0 19
0 9
0 25
0 2
0 38
0 21
0 32
0 19
0 19
0 27
0 25
0 33
0 0
0 7
0 35
0 38
0 1
0 13
0 32
0 39
0 19
0 4
1 33
1 3
1 1
1 9
1 11
1 13
1 24
1 1
1 8
1 25
1 14
1 16
1 14
1 32
1 7
1 19
1 32
1 19
1 2
1 24
1 10
1 0
1 33
1 1
1 38
1 20
1 27
1 35
1 24
1 20
1 21
1 19
1 11
1 18
1 9
1 40
1 13
1 35
1 19
1 20
1 45
1 21
1 2
1 14
1 7
1 43
1 48
1 1
1 33
1 41
1 43
1 13
1 1
1 39
1 2
1 7
1 9
1 8
1 11
1 9
1 0
1 13
1 19
1 40
1 19
1 7
1 20
1 19
1 18
1 1
1 48
1 33
1 7
1 1
1 38
1 36
1 19
1 20
1 20
1 5
1 38
1 4
1 13
1 9
1 13
1 3
1 11
1 24
1 19
1 21
1 24
1 9
1 19
1 38
1 25
1 32
1 7
1 25
1 2
1 13
1 19
1 9
1 2
1 46
1 4
1 10
1 43
1 0
1 25
1 23
1 3
1 7
1 41
1 24
1 27
1 19
1 24
1 2
1 33
1 2
1 20
1 2
1 9
1 4
1 16
1 4
1 22
1 2
1 45
1 38
1 2
1 8
1 0
1 23
1 33
1 3
1 33
1 9
1 32
1 12
1 20
1 33
1 19
1 27
1 1
1 2
1 36
1 13
1 25
1 24
1 32
1 11
1 21
1 24
1 0
1 19
1 32
1 0
1 2
1 33
1 21
1 9
1 20
1 38
1 4
1 9
1 28
1 42
1 22
1 1
1 19
1 27
1 33
1 38
1 31
1 24
1 5
1 22
1 9
1 2
1 3
1 10
1 4
1 1
1 46
1 1
1 9
1 38
1 41
1 10
1 38
1 2
1 13
1 13
1 19
1 2
1 11
1 13
1 27
1 16
1 32
1 1
1 13
1 32
1 31
1 2
1 12
1 39
1 19
1 3
1 13
1 3
1 21
1 19
1 24
1 0
1 5
1 24
1 19
1 24
1 9
1 20
1 9
1 24
1 2
1 14
1 27
1 16
1 33
1 10
1 7
1 49
1 13
1 24
1 18
1 49
1 5
1 13
1 31
1 5
1 21
1 13
1 2
1 32
1 9
1 24
1 24
1 37
1 8
1 23
1 4
1 20
1 32
1 13
1 24
1 21
1 13
1 13
1 2
1 20
1 33
1 7
1 46
1 19
1 20
1 8
1 20
1 10
1 38
1 24
1 7
1 8
1 22
1 3
1 31
1 12
1 41
1 45
1 32
1 19
1 9
1 13
1 12
1 27
1 19
1 0
1 2
1 8
1 45
1 31
1 27
1 1
1 10
1 12
1 2
1 37
1 43
1 28
1 21
1 9
1 37
1 33
1 25
1 9
1 27
1 24
1 0
1 2
1 20
1 13
1 0
1 2
1 9
1 1
1 31
1 20
1 32
1 1
1 33
1 2
1 27
1 45
1 13
1 19
1 27
1 19
1 9
1 22
1 2
1 1
1 4
1 43
1 41
1 13
1 25
1 19
1 28
1 2
1 33
1 27
1 10
1 22
1 33
1 1
1 16
1 24
1 38
1 33
1 7
1 13
1 9
1 31
1 13
1 31
1 48
1 24
1 3
1 0
1 25
1 1
1 19
1 4
1 27
1 32
1 14
1 37
1 13
1 24
1 24
1 8
1 27
1 19
1 23
1 13
1 28
1 32
1 9
1 37
1 38
1 3
1 31
1 13
1 14
1 4
1 21
1 22
1 27
1 12
1 13
1 41
1 9
1 28
1 25
1 32
1 21
1 2
1 7
1 20
1 19
1 9
1 19
1 19
1 9
1 7
1 33
1 1
1 39
1 13
1 19
1 33
1 13
1 24
1 4
1 4
1 22
1 9
1 5
1 0
1 24
1 27
1 12
1 27
1 37
1 13
1 12
1 20
1 48
1 4
1 20
1 32
1 27
1 35
1 27
1 9
1 19
1 1
1 27
1 7
1 46
1 38
1 25
1 13
1 4
1 13
1 31
1 9
1 19
1 2
1 13
1 19
1 10
1 2
1 24
1 19
1 31
1 7
1 32
1 20
1 28
1 33
1 9
1 43
1 37
1 49
1 13
1 1
1 2
1 19
1 19
1 0
1 9
1 20
1 32
1 24
1 33
1 10
1 13
1 9
1 0
1 24
1 12
1 37
1 35
1 20
1 10
1 20
1 31
1 24
1 2
1 39
1 25
1 24
1 45
1 9
1 19
1 22
1 2
1 13
1 13
1 12
1 22
1 9
1 2
1 2
1 2
1 8
1 19
1 35
1 19
1 2
1 19
1 32
1 31
1 2
1 24
1 22
1 8
1 16
1 24
1 2
1 13
1 0
1 23
1 32
1 12
1 10
1 16
1 5
1 19
1 9
2 27
2 19
2 7
2 7
2 33
2 9
2 43
2 19
2 37
2 12
2 24
2 20
2 33
2 35
2 3
2 0
2 45
2 19
2 37
2 16
2 20
2 13
2 37
2 18
2 13
2 32
2 12
2 24
2 3
2 13
2 32
2 32
2 19
2 8
2 19
2 4
2 33
2 9
2 13
2 19
2 12
2 31
2 38
2 24
2 38
2 11
2 27
2 9
2 19
2 10
2 2
2 33
2 3
2 13
2 9
2 2
2 37
2 9
2 19
2 38
2 9
2 4
2 4
2 13
2 2
2 1
2 19
2 24
2 19
2 27
2 27
2 27
2 27
2 38
2 19
2 3
2 9
2 20
2 33
2 13
2 20
2 24
2 21
2 7
2 13
2 20
2 24
2 13
2 32
2 14
2 7
2 8
2 2
2 27
2 10
2 8
2 24
2 2
2 12
2 13
2 20
2 4
2 21
2 0
2 2
2 19
2 2
2 2
2 19
2 33
2 23
2 9
2 14
2 31
2 9
2 32
2 19
2 19
2 39
2 33
2 24
2 2
2 0
2 41
2 8
2 46
2 10
2 25
2 33
2 2
2 32
2 2
2 9
2 33
2 27
2 20
2 1
2 19
2 33
2 4
2 13
2 11
2 31
2 3
2 32
2 12
2 5
2 12
2 5
2 24
2 14
2 2
2 12
2 23
2 13
2 14
2 16
2 19
2 10
2 9
2 13
2 24
2 3
2 38
2 0
2 28
2 22
2 24
2 2
2 2
2 4
2 27
2 2
2 24
2 39
2 11
2 37
2 2
2 20
2 12
2 6
2 10
2 12
2 10
2 38
2 12
2 21
2 37
2 9
2 13
2 9
2 24
2 19
2 16
2 2
2 1
2 33
2 24
2 9
2 19
2 37
2 28
2 9
2 45
2 20
2 5
2 2
2 20
2 2
2 35
2 19
2 19
2 37
2 24
2 20
2 2
2 33
2 9
2 24
2 2
2 11
2 10
2 37
2 37
2 23
2 16
2 8
2 32
2 32
2 2
2 1
2 49
2 24
2 24
2 41
2 32
2 9
2 20
2 22
2 19
2 37
2 35
2 33
2 22
2 19
2 9
2 9
2 19
2 28
2 31
2 8
2 22
2 19
2 15
2 25
2 9
2 27
2 2
2 11
2 12
2 32
2 19
2 1
2 24
2 32
2 24
2 2
2 7
2 27
2 2
2 12
2 8
2 32
2 33
2 20
2 21
2 9
2 8
2 43
2 4
2 2
2 20
2 32
2 28
2 11
2 28
2 19
2 19
2 19
2 7
2 2
2 33
2 31
2 20
2 24
2 25
2 2
2 49
2 3
2 4
2 31
2 1
2 1
2 38
2 22
2 10
2 16
2 35
2 33
2 21
2 2
2 31
2 19
2 14
2 32
2 33
2 2
2 9
2 19
2 20
2 19
2 21
2 9
2 4
2 43
2 9
2 4
2 22
2 16
2 1
2 37
2 32
2 33
2 16
2 12
2 41
2 0
2 13
2 7
2 22
2 2
2 11
2 7
2 2
2 27
2 27
2 22
2 0
2 24
2 25
2 31
2 22
2 0
2 2
2 32
2 22
2 32
2 28
2 2
2 39
2 7
2 32
2 21
2 19
2 36
2 8
2 10
2 18
2 1
2 10
2 32
2 10
2 5
2 10
2 14
2 2
2 19
2 8
2 24
2 13
2 46
2 2
2 2
2 19
2 38
2 9
2 11
2 21
2 19
2 20
2 33
2 49
2 37
2 16
2 19
2 2
2 8
2 14
2 13
2 9
2 43
2 0
2 19
2 2
2 2
2 25
2 13
2 43
2 19
2 41
2 3
2 35
2 45
2 27
2 16
2 28
2 49
2 19
2 0
2 45
2 19
2 17
2 19
2 19
2 21
2 36
2 2
2 19
2 9
2 9
2 14
2 33
2 20
2 27
2 33
2 18
2 2
2 14
2 2
2 32
2 20
2 14
2 22
2 9
2 14
2 32
2 12
2 22
2 20
2 14
2 12
2 13
2 13
2 33
2 19
2 32
2 27
2 27
2 33
2 24
2 1
2 25
2 18
2 19
2 35
2 7
2 11
2 22
2 8
2 3
2 31
2 20
2 16
2 10
2 24
2 0
2 32
2 33
2 9
2 4
2 20
2 12
2 10
2 24
2 2
2 19
2 12
2 2
2 39
2 21
2 2
2 43
2 22
2 7
2 35
2 3
2 12
2 13
2 43
2 0
2 19
2 3
2 9
2 32
2 20
2 12
2 33
2 8
2 23
2 22
2 25
2 19
2 20
2 2
2 3
2 13
2 39
2 36
2 19
2 0
2 2
2 12
2 4
2 8
2 19
2 19
2 19
2 5
2 25
2 4
2 0
2 2
2 21
2 8
2 13
2 21
2 19
2 22
2 19
2 35
2 27
2 2
2 35
2 3
2 35
2 25
2 24
2 45
2 16
2 19
2 19
2 33
2 41
2 9
2 20
2 27
2 19
2 33
2 10
2 18
2 3
2 12
2 19
2 9
2 23
2 31
2 19
2 19
2 13
2 10
2 0
2 43
2 12
2 14
2 31
2 37
2 14
2 0
2 8
2 2
2 19
2 33
2 20
2 0
3 3
3 14
3 2
3 1
3 22
3 11
3 38
3 35
3 25
3 33
3 33
3 12
3 37
3 2
3 2
3 0
3 22
3 19
3 13
3 20
3 37
3 32
3 20
3 27
3 13
3 45
3 1
3 24
3 5
3 8
3 9
3 1
3 1
3 25
3 28
3 33
3 12
3 0
3 27
3 19
3 19
3 39
3 1
3 32
3 13
3 5
3 37
3 12
3 19
3 12
3 2
3 2
3 43
3 38
3 2
3 14
3 2
3 3
3 41
3 0
3 13
3 11
3 49
3 33
3 1
3 12
3 2
3 0
3 43
3 9
3 33
3 12
3 46
3 33
3 12
3 9
3 31
3 16
3 18
3 33
3 19
3 31
3 8
3 32
3 19
3 33
3 9
3 12
3 10
3 2
3 25
3 16
3 35
3 2
3 32
3 11
3 19
3 39
3 10
3 45
3 16
3 13
3 35
3 2
3 2
3 19
3 4
3 9
3 1
3 32
3 25
3 27
3 2
3 15
3 20
3 32
3 24
3 16
3 36
3 19
3 2
3 33
3 2
3 3
3 31
3 33
3 21
3 24
3 1
3 49
3 24
3 0
3 7
3 13
3 2
3 2
3 32
3 12
3 0
3 11
3 4
3 38
3 19
3 21
3 46
3 31
3 4
3 24
3 24
3 37
3 23
3 32
3 24
3 7
3 21
3 19
3 33
3 40
3 24
3 49
3 11
3 21
3 21
3 2
3 38
3 33
3 24
3 31
3 4
3 21
3 9
3 39
3 41
3 33
3 14
3 25
3 21
3 2
3 2
3 12
3 10
3 2
3 32
3 19
3 31
3 14
3 14
3 43
3 2
3 10
3 13
3 14
3 33
3 35
3 32
3 43
3 8
3 11
3 13
3 25
3 13
3 9
3 24
3 32
3 43
3 32
3 4
3 24
3 2
3 27
3 45
3 11
3 4
3 17
3 27
3 12
3 33
3 19
3 35
3 19
3 19
3 1
3 33
3 1
3 10
3 19
3 33
3 45
3 21
3 33
3 25
3 33
3 20
3 32
3 20
3 45
3 32
3 19
3 9
3 43
3 31
3 2
3 33
3 27
3 10
3 4
3 19
3 22
3 4
3 32
3 21
3 4
3 1
3 20
3 32
3 19
3 28
3 38
3 33
3 19
3 33
3 14
3 20
3 32
3 1
3 33
3 10
3 13
3 19
3 33
3 32
3 19
3 41
3 19
3 41
3 32
3 38
3 19
3 13
3 45
3 46
3 37
3 33
3 4
3 1
3 4
3 10
3 31
3 3
3 1
3 33
3 0
3 2
3 1
3 2
3 19
3 2
3 24
3 19
3 20
3 19
3 33
3 19
3 19
3 1
3 32
3 19
3 2
3 1
3 0
3 1
3 19
3 20
3 20
3 12
3 22
3 37
3 19
3 14
3 4
3 3
3 19
3 1
3 37
3 2
3 14
3 25
3 31
3 12
3 11
3 0
3 12
3 21
3 0
3 23
3 0
3 20
3 38
3 22
3 16
3 19
3 1
3 20
3 37
3 32
3 19
3 33
3 38
3 9
3 11
3 43
3 7
3 33
3 33
3 21
3 33
3 14
3 45
3 5
3 2
3 1
3 41
3 49
3 25
3 32
3 38
3 27
3 24
3 24
3 19
3 4
3 10
3 7
3 20
3 24
3 19
3 0
3 3
3 41
3 11
3 0
3 1
3 46
3 24
3 2
3 35
3 9
3 35
3 24
3 33
3 3
3 43
3 1
3 3
3 33
3 45
3 0
3 8
3 2
3 22
3 13
3 33
3 32
3 35
3 19
3 0
3 24
3 3
3 24
3 9
3 27
3 32
3 38
3 41
3 2
3 33
3 14
3 25
3 35
3 13
3 22
3 27
3 19
3 12
3 2
3 19
3 19
3 2
3 23
3 0
3 11
3 31
3 7
3 33
3 38
3 19
3 37
3 8
3 10
3 4
3 19
3 49
3 33
3 1
3 2
3 33
3 0
3 41
3 32
3 4
3 27
3 10
3 0
3 10
3 3
3 2
3 27
3 24
3 2
3 33
3 0
3 2
3 24
3 13
3 24
3 0
3 3
3 5
3 20
3 32
3 25
3 2
3 33
3 19
3 25
3 21
3 2
3 24
3 1
3 19
3 32
3 21
3 11
3 10
3 19
3 21
3 43
3 21
3 19
3 23
3 21
3 38
3 35
3 12
3 24
3 31
3 24
3 19
3 1
3 24
3 24
3 35
3 38
3 2
3 19
3 13
3 20
3 21
3 37
3 0
3 11
3 2
3 25
3 32
3 33
3 33
3 31
3 24
3 12
3 3
3 33
3 31
3 37
3 28
3 1
3 20
3 14
3 10
3 3
3 32
3 20
3 35
3 31
3 19
3 1
3 19
3 1
3 19
3 19
3 0
3 7
3 12
3 19
3 0
3 2
3 33
3 24
3 9
3 7
3 21
3 4
3 12
3 2
3 12
3 33
3 13
3 2
3 32
3 9
3 41
3 7
3 4
3 4
4 25
4 31
4 19
4 14
4 33
4 0
4 35
4 35
4 33
4 19
4 24
4 2
4 2
4 10
4 33
4 22
4 32
4 26
4 7
4 45
4 3
4 2
4 13
4 33
4 19
4 43
4 20
4 1
4 24
4 21
4 19
4 19
4 35
4 2
4 5
4 32
4 2
4 38
4 13
4 33
4 2
4 32
4 32
4 33
4 24
4 2
4 31
4 3
4 35
4 1
4 0
4 4
4 19
4 32
4 43
4 19
4 10
4 0
4 4
4 11
4 19
4 10
4 46
4 8
4 21
4 25
4 3
4 7
4 22
4 32
4 32
4 19
4 38
4 12
4 20
4 42
4 21
4 22
4 8
4 20
4 0
4 33
4 31
4 25
4 19
4 28
4 32
4 18
4 2
4 21
4 31
4 1
4 19
4 41
4 32
4 2
4 7
4 7
4 33
4 9
4 33
4 32
4 9
4 17
4 19
4 19
4 27
4 33
4 41
4 19
4 33
4 16
4 28
4 8
4 2
4 27
4 27
4 32
4 9
4 19
4 2
4 30
4 31
4 9
4 2
4 7
4 33
4 1
4 8
4 9
4 32
4 13
4 49
4 32
4 21
4 45
4 26
4 13
4 19
4 24
4 14
4 10
4 38
4 43
4 30
4 12
4 27
4 39
4 4
4 24
4 14
4 22
4 2
4 27
4 10
4 33
4 2
4 0
4 23
4 33
4 49
4 19
4 8
4 16
4 28
4 19
4 7
4 9
4 35
4 32
4 38
4 37
4 20
4 3
4 37
4 8
4 43
4 33
4 14
4 41
4 45
4 12
4 24
4 19
4 33
4 19
4 4
4 8
4 4
4 19
4 0
4 33
4 25
4 32
4 32
4 19
4 24
4 33
4 11
4 41
4 1
4 20
4 24
4 11
4 32
4 43
4 38
4 9
4 2
4 8
4 19
4 3
4 10
4 32
4 1
4 3
4 21
4 27
4 12
4 24
4 32
4 32
4 27
4 5
4 35
4 12
4 32
4 19
4 13
4 3
4 19
4 19
4 16
4 2
4 33
4 20
4 19
4 20
4 2
4 2
4 19
4 2
4 2
4 19
4 7
4 31
4 22
4 16
4 32
4 27
4 0
4 2
4 1
4 46
4 33
4 4
4 22
4 14
4 2
4 43
4 32
4 49
4 32
4 41
4 9
4 49
4 2
4 24
4 37
4 35
4 19
4 22
4 22
4 2
4 27
4 27
4 41
4 1
4 27
4 18
4 12
4 19
4 20
4 19
4 19
4 24
4 41
4 10
4 35
4 7
4 41
4 8
4 12
4 9
4 43
4 32
4 33
4 19
4 5
4 27
4 21
4 0
4 25
4 0
4 16
4 22
4 32
4 32
4 2
4 2
4 14
4 20
4 4
4 18
4 2
4 12
4 27
4 28
4 33
4 10
4 19
4 43
4 4
4 32
4 9
4 12
4 25
4 0
4 35
4 14
4 33
4 0
4 1
4 14
4 19
4 43
4 9
4 38
4 46
4 14
4 31
4 2
4 4
4 39
4 2
4 31
4 12
4 0
4 43
4 4
4 0
4 12
4 24
4 8
4 33
4 10
4 33
4 9
4 12
4 3
4 31
4 14
4 33
4 10
4 32
4 7
4 2
4 33
4 40
4 9
4 14
4 28
4 32
4 31
4 5
4 9
4 27
4 27
4 22
4 10
4 0
4 43
4 4
4 32
4 9
4 32
4 10
4 19
4 45
4 33
4 33
4 0
4 14
4 27
4 4
4 20
4 0
4 32
4 24
4 49
4 0
4 7
4 38
4 0
4 33
4 14
4 43
4 38
4 21
4 19
4 1
4 22
4 27
4 33
4 43
4 24
4 13
4 24
4 3
4 19
4 38
4 1
4 45
4 0
4 18
4 1
4 12
4 22
4 21
4 8
4 35
4 9
4 3
4 13
4 2
4 32
4 22
4 20
4 20
4 19
4 22
4 10
4 14
4 19
4 19
4 12
4 24
4 2
4 33
4 35
4 2
4 24
4 19
4 3
4 19
4 19
4 12
4 12
4 13
4 21
4 37
4 33
4 37
4 13
4 0
4 23
4 24
4 12
4 1
4 2
4 8
4 4
4 45
4 18
5 9
5 22
5 38
5 39
5 7
5 9
5 10
5 9
5 13
5 4
5 25
5 7
5 19
5 22
5 38
5 24
5 1
5 9
5 12
5 24
5 26
5 22
5 13
5 0
5 5
5 24
5 1
5 21
5 10
5 7
5 1
5 14
5 39
5 0
5 1
5 33
5 10
5 2
5 22
5 2
5 14
5 19
5 12
5 1
5 0
5 38
5 14
5 2
5 20
5 0
5 36
5 19
5 13
5 19
5 31
5 3
5 27
5 2
5 22
5 41
5 16
5 1
5 37
5 19
5 2
5 24
5 9
5 25
5 16
5 10
5 32
5 19
5 19
5 8
5 11
5 20
5 32
5 10
5 1
5 31
5 33
5 13
5 19
5 0
5 27
5 2
5 9
5 1
5 12
5 24
5 2
5 28
5 33
5 41
5 2
5 19
5 1
5 20
5 20
5 31
5 4
5 21
5 43
5 35
5 24
5 9
5 33
5 13
5 22
5 2
5 19
5 13
5 1
5 32
5 0
5 14
5 31
5 35
5 33
5 42
5 37
5 8
5 19
5 0
5 0
5 27
5 22
5 24
5 32
5 37
5 2
5 32
5 33
5 2
5 19
5 33
5 24
5 8
5 33
5 19
5 2
5 18
5 28
5 19
5 31
5 22
5 19
5 36
5 33
5 49
5 0
5 43
5 2
5 9
5 14
5 33
5 21
5 3
5 24
5 45
5 14
5 27
5 20
5 10
5 5
5 18
5 31
5 5
5 2
5 19
5 4
5 24
5 8
5 2
5 19
5 37
5 24
5 2
5 3
5 35
5 24
5 16
5 0
5 31
5 3
5 20
5 23
5 6
5 33
5 22
5 19
5 25
5 2
5 22
5 0
5 4
5 49
5 43
5 24
5 46
5 41
5 3
5 2
5 32
5 13
5 0
5 19
5 35
5 12
5 14
5 4
5 22
5 4
5 33
5 25
5 8
5 35
5 24
5 47
5 33
5 12
5 14
5 43
5 11
5 21
5 27
5 39
5 2
5 21
5 22
5 10
5 10
5 9
5 12
5 24
5 22
5 21
5 7
5 37
5 2
5 7
5 13
5 38
5 19
5 9
5 10
5 27
5 31
5 36
5 24
5 38
5 32
5 15
5 39
5 13
5 33
5 2
5 19
5 4
5 25
5 16
5 10
5 24
5 8
5 10
5 27
5 32
5 10
5 12
5 1
5 4
5 3
5 21
5 24
5 12
5 24
5 11
5 8
5 0
5 27
5 38
5 19
5 38
5 13
5 18
5 39
5 27
5 2
5 37
5 45
5 33
5 0
5 19
5 31
5 13
5 38
5 24
5 41
5 1
5 33
5 39
5 33
5 24
5 12
5 12
5 13
5 37
5 38
5 8
5 45
5 3
5 14
5 22
5 38
5 35
5 1
5 41
5 11
5 4
5 37
5 35
5 13
5 38
5 4
5 38
5 27
5 25
5 38
5 10
5 12
5 33
5 31
5 10
5 0
5 2
5 9
5 12
5 32
5 32
5 45
5 41
5 14
5 22
5 38
5 1
5 38
5 26
5 19
5 14
5 23
5 3
5 27
5 24
5 37
5 38
5 31
5 37
5 18
5 8
5 19
5 2
5 38
5 33
5 19
5 43
5 2
5 22
5 10
5 9
5 28
5 23
5 31
5 38
5 38
5 38
5 0
5 12
5 5
5 19
5 19
5 7
5 27
5 0
5 24
5 19
5 0
5 24
5 14
5 3
5 16
5 12
5 38
5 32
5 2
5 7
5 39
5 19
5 10
5 0
5 38
5 21
5 11
5 38
5 21
5 43
5 4
5 33
5 32
5 7
5 11
5 38
5 20
5 32
5 20
5 38
5 0
5 10
5 21
5 8
5 9
5 23
5 1
5 10
5 24
5 9
5 25
5 31
5 12
5 35
5 12
5 3
5 19
5 33
5 10
5 0
5 30
5 46
5 13
5 2
5 2
5 0
5 2
5 22
5 4
5 20
5 22
5 1
5 24
5 9
5 37
5 35
5 19
6 31
6 20
6 4
6 2
6 38
6 33
6 20
6 2
6 45
6 24
6 19
6 16
6 8
6 38
6 1
6 33
6 16
6 38
6 13
6 16
6 4
6 24
6 16
6 37
6 24
6 46
6 32
6 11
6 0
6 31
6 13
6 0
6 0
6 27
6 16
6 0
6 24
6 20
6 22
6 2
6 24
6 12
6 0
6 4
6 32
6 2
6 27
6 4
6 19
6 32
6 32
6 45
6 10
6 13
6 35
6 24
6 20
6 20
6 19
6 33
6 24
6 19
6 38
6 39
6 4
6 32
6 0
6 10
6 32
6 32
6 1
6 24
6 45
6 32
6 40
6 32
6 21
6 13
6 32
6 31
6 19
6 22
6 14
6 18
6 31
6 25
6 19
6 10
6 9
6 38
6 4
6 33
6 12
6 8
6 28
6 2
6 27
6 8
6 35
6 8
6 22
6 25
6 19
6 22
6 28
6 19
6 3
6 20
6 37
6 27
6 21
6 10
6 13
6 39
6 7
6 33
6 2
6 14
6 15
6 21
6 2
6 32
6 9
6 4
6 12
6 10
6 20
6 21
6 21
6 2
6 1
6 40
6 43
6 24
6 27
6 10
6 27
6 22
6 19
6 10
6 33
6 2
6 49
6 16
6 12
6 37
6 8
6 21
6 24
6 1
6 19
6 38
6 2
6 8
6 0
6 2
6 15
6 12
6 35
6 24
6 0
6 35
6 10
6 46
6 35
6 5
6 33
6 2
6 20
6 2
6 22
6 16
6 48
6 22
6 2
6 13
6 2
6 45
6 4
6 3
6 3
6 25
6 33
6 3
6 21
6 22
6 31
6 33
6 3
6 10
6 37
6 3
6 14
6 9
6 0
6 21
6 14
6 22
6 3
6 23
6 31
6 0
6 27
6 19
6 27
6 33
6 10
6 0
6 13
6 12
6 0
6 4
6 48
6 1
6 20
6 31
6 12
6 27
6 3
6 12
6 20
6 14
6 17
6 25
6 19
6 38
6 33
6 12
6 45
6 21
6 19
6 14
6 33
6 33
6 3
6 12
6 41
6 30
6 19
6 19
6 3
7 41
7 4
7 10
7 32
7 40
7 39
7 31
7 21
7 38
7 26
7 43
7 43
7 8
7 20
7 21
7 5
7 10
7 10
7 2
7 18
7 45
7 21
7 10
7 19
7 8
7 27
7 31
7 31
7 7
7 32
7 32
7 31
7 4
7 12
7 31
7 19
7 38
7 10
7 12
7 38
7 39
7 16
7 9
7 1
7 11
7 22
7 25
7 15
7 0
7 10
7 32
7 2
7 12
7 5
7 32
7 32
7 19
7 2
7 35
7 27
7 0
7 39
7 4
7 33
7 12
7 14
7 2
7 8
7 10
7 13
7 5
7 37
7 10
7 7
7 9
7 31
7 14
7 21
7 19
7 9
7 3
7 21
7 24
7 22
7 31
7 11
7 0
7 40
7 22
7 3
7 27
7 22
7 4
7 12
7 35
7 39
7 8
7 32
7 21
7 32
7 25
7 16
7 22
7 35
7 37
7 8
7 22
7 21
7 16
7 32
7 3
7 45
7 10
7 38
7 37
7 16
7 39
7 32
7 31
7 10
7 19
7 0
7 27
7 8
7 10
7 2
7 16
7 8
7 37
7 10
7 24
7 0
7 21
7 24
7 32
7 22
7 38
7 0
7 9
7 21
7 10
7 10
7 21
7 17
7 12
7 21
7 10
7 12
7 49
7 4
7 24
7 12
7 19
7 28
7 22
7 16
7 9
7 2
7 10
7 0
7 3
7 10
7 13
7 46
7 31
7 14
7 2
7 31
7 39
7 0
7 16
7 2
7 22
7 10
7 10
7 7
7 39
7 9
7 22
7 10
7 22
8 32
8 9
8 9
8 12
8 8
8 10
8 23
8 21
8 39
8 10
8 40
8 38
8 32
8 19
8 32
8 18
8 10
8 0
8 18
8 3
8 0
8 22
8 10
8 45
8 0
8 0
8 24
8 31
8 3
8 24
8 8
8 32
8 0
8 16
8 11
8 31
8 13
8 10
8 35
8 32
8 24
8 10
8 32
8 10
8 24
8 24
8 8
8 43
8 16
8 32
8 37
8 22
8 10
8 24
8 35
8 8
8 10
8 38
8 0
8 10
8 43
8 10
8 24
8 24
8 39
8 18
8 20
8 8
8 12
8 39
8 32
8 31
8 0
8 13
8 39
8 10
8 45
8 33
8 21
8 24
8 21
8 39
8 31
8 16
8 27
8 21
8 31
8 38
8 16
8 19
8 38
8 22
8 4
8 0
8 39
8 12
8 31
8 8
8 37
8 17
8 10
8 10
8 21
8 22
8 19
8 17
8 0
8 27
8 13
8 0
8 39
8 8
8 0
8 0
8 32
8 37
8 39
8 27
8 0
8 8
8 40
8 13
8 3
8 40
8 10
8 8
8 17
8 13
8 10
8 32
8 39
8 0
8 13
8 12
8 0
8 19
8 38
8 32
8 24
8 37
8 8
8 31
8 39
8 39
8 31
8 8
8 10
8 8
8 21
8 19
8 31
8 8
8 21
8 0
8 3
8 10
8 35
8 39
8 19
8 39
8 10
8 0
8 31
8 0
8 19
8 38
8 10
8 0
8 31
8 39
8 19
8 37
8 37
8 8
8 24
8 7
9 9
9 0
9 23
9 35
9 0
9 32
9 39
9 0
9 6
9 40
9 22
9 39
9 22
9 24
9 32
9 8
9 6
9 40
9 22
9 0
9 2
9 38
9 31
9 8
9 25
9 0
9 12
9 13
9 12
9 39
9 38
9 6
9 12
9 22
9 2
9 8
9 38
9 33
9 3
9 45
9 38
9 39
9 8
9 24
9 39
9 35
9 24
9 39
9 11
9 0
9 33
9 43
9 45
9 24
9 8
9 40
9 32
9 16
9 16
9 6
9 18
9 48
9 38
9 19
9 24
9 32
9 10
9 8
9 0
9 17
9 2
9 21
9 11
9 8
9 10
9 2
9 0
9 38
9 18
9 10
9 25
9 21
9 24
10 12
10 0
10 45
10 3
10 0
10 24
10 46
10 10
10 22
10 10
10 22
10 19
10 16
10 11
10 2
10 8
10 13
10 11
10 32
10 8
10 31
10 0
10 32
10 22
10 38
10 10
10 12
10 16
10 16
10 39
10 5
10 2
10 10
10 41
10 12
10 12
10 12
10 10
10 16
10 11
10 41
10 12
10 21
10 18
10 2
10 37
10 0
10 27
10 4
11 15
11 7
11 9
11 32
11 15
11 4
11 21
11 4
11 38
11 27
11 8
11 45
11 40
11 35
11 38
11 38
11 37
11 38
11 35
11 42
11 24
11 2
11 4
11 24
11 0
11 13
11 37
11 12
11 10
11 21
11 9
11 4
11 19
11 37
11 27
11 43
11 5
11 28
11 7
11 8
11 22
11 0
11 26
11 32
11 9
11 21
11 10
11 0
11 3
11 18
11 35
11 27
11 43
11 7
11 13
11 10
11 12
11 45
11 22
11 4
11 31
11 14
11 12
11 45
11 18
11 20
11 37
12 13
12 27
12 6
12 5
12 9
12 41
12 46
12 40
12 27
12 46
12 4
12 35
12 32
12 4
12 21
12 19
12 21
12 16
12 12
12 20
12 27
12 22
12 4
12 48
12 45
12 25
12 12
12 8
12 22
12 19
12 20
12 32
12 25
12 18
12 23
12 33
12 16
12 22
12 3
12 45
12 16
12 13
12 25
12 27
12 3
12 18
12 10
12 0
12 4
12 12
12 18
12 36
12 41
12 35
12 27
12 43
12 32
12 8
12 5
12 48
12 27
12 38
12 14
12 25
12 12
12 43
12 43
12 18
12 43
12 0
12 9
12 7
12 38
12 24
12 27
12 45
12 4
12 19
12 3
12 43
12 14
12 20
12 22
12 4
12 20
12 16
12 9
12 18
12 7
12 20
12 25
12 8
12 46
12 37
12 4
13 32
13 37
13 32
13 9
13 9
13 7
13 3
13 43
13 0
13 7
13 18
13 14
13 4
13 31
13 43
13 39
13 37
13 9
13 3
13 25
13 31
13 43
13 27
13 8
13 43
13 27
13 31
13 5
13 9
13 39
13 4
13 27
13 10
13 4
13 31
13 22
13 43
13 37
13 0
13 4
13 8
13 46
13 35
13 25
13 16
13 0
13 37
13 4
13 37
13 43
13 28
13 22
13 3
13 27
13 37
13 12
13 13
13 35
13 37
13 4
13 39
13 15
13 12
13 43
13 7
13 18
13 18
13 38
13 18
13 46
13 13
13 37
13 27
13 16
13 27
13 48
13 27
13 10
13 3
13 18
13 4
13 10
13 24
13 13
13 39
13 4
13 27
13 39
13 16
13 4
13 3
13 3
13 25
13 3
13 10
13 27
13 31
13 43
13 4
13 37
13 16
13 4
13 16
13 22
13 20
13 12
13 12
13 33
13 2
13 25
13 27
13 32
13 4
13 8
13 5
13 15
13 46
13 0
13 46
13 0
13 3
13 22
13 7
13 27
13 33
13 37
13 18
13 1
13 20
13 13
13 10
13 5
13 13
13 41
13 5
13 15
13 24
13 37
13 27
13 25
13 9
13 22
13 41
13 5
13 37
13 16
13 5
13 27
13 16
13 35
13 43
13 9
13 46
14 11
14 27
14 32
14 16
14 19
14 18
14 5
14 8
14 31
14 43
14 43
14 10
14 11
14 32
14 27
14 32
14 22
14 9
14 9
14 43
14 0
14 27
14 12
14 35
14 4
14 8
14 35
14 12
14 10
14 16
14 3
14 28
14 11
14 16
14 32
14 19
14 37
14 37
14 4
14 0
14 12
14 24
14 32
14 12
14 20
14 2
14 10
14 12
14 40
14 23
14 20
14 24
14 16
14 20
14 18
14 13
14 40
14 13
14 32
14 5
14 43
14 36
14 10
14 42
14 32
14 4
14 16
14 2
14 27
14 25
14 25
14 0
14 14
14 13
14 43
14 3
14 20
14 4
14 20
14 46
14 22
14 43
14 21
14 4
14 10
14 3
14 18
14 31
14 43
14 2
14 32
14 38
14 2
14 16
14 10
14 32
14 32
14 46
14 12
14 13
14 19
14 3
14 16
14 32
14 46
14 37
14 14
14 21
14 33
14 9
14 49
14 27
14 19
14 14
14 43
14 43
14 43
14 43
14 25
14 48
14 2
14 7
14 43
14 43
14 39
14 17
14 2
14 21
14 4
14 38
14 12
14 18
14 9
14 6
14 9
14 24
14 9
14 40
14 18
14 12
14 4
14 4
14 21
14 2
14 32
14 8
14 28
14 7
14 25
14 18
14 4
14 12
14 22
14 11
14 2
14 19
14 27
14 24
14 7
14 43
14 46
14 4
14 9
14 41
14 5
14 20
14 11
14 19
14 43
14 37
14 39
14 19
14 32
14 32
14 25
14 45
14 38
14 31
14 12
14 22
14 23
14 32
14 20
14 25
14 5
14 13
14 40
14 21
14 39
14 13
14 20
14 8
14 20
14 35
14 22
14 20
14 4
14 0
14 38
14 48
14 39
14 31
14 35
14 32
14 7
14 24
14 22
14 25
14 20
14 49
14 2
14 9
14 25
14 13
14 7
14 43
14 19
14 20
14 41
14 23
14 16
14 13
14 35
14 22
14 16
14 3
14 8
14 4
14 12
14 20
14 32
14 35
14 4
14 43
14 4
14 19
14 25
14 1
14 9
14 12
14 16
14 32
14 37
14 19
14 9
14 46
14 38
14 25
14 4
14 25
14 15
14 9
14 19
14 12
14 16
14 9
14 10
14 4
14 19
14 31
14 20
14 7
14 37
14 4
14 20
14 12
14 24
14 20
14 3
14 33
14 0
14 33
14 11
14 19
14 33
14 27
14 19
14 12
14 25
14 19
14 8
14 25
14 43
14 13
14 1
14 38
14 4
14 10
14 29
14 39
14 32
14 22
14 22
14 24
14 15
14 36
14 8
14 35
14 17
14 12
14 46
14 32
14 21
14 13
14 16
14 37
14 11
14 41
14 8
14 20
14 17
14 9
14 45
14 48
14 14
14 14
14 2
14 18
14 17
14 45
14 35
14 24
14 13
15 24
15 31
15 12
15 42
15 0
15 20
15 7
15 8
15 10
15 4
15 9
15 4
15 27
15 1
15 43
15 20
15 9
15 11
15 12
15 4
15 20
15 35
15 33
15 37
15 20
15 15
15 33
15 24
15 11
15 14
15 22
15 19
15 33
15 4
15 4
15 4
15 38
15 31
15 37
15 38
15 46
15 18
15 43
15 5
15 46
15 27
15 33
15 2
15 2
15 35
15 32
15 48
15 12
15 12
15 32
15 7
15 19
15 31
15 13
15 24
15 19
15 12
15 33
15 37
15 8
15 7
15 22
15 37
15 15
15 35
15 22
15 5
15 11
15 16
15 1
15 3
15 31
15 2
15 33
15 37
15 10
15 14
15 37
15 10
15 41
15 0
15 20
15 36
15 3
15 7
15 20
15 7
15 13
15 4
15 12
15 22
15 9
15 9
15 9
15 22
15 20
15 14
15 1
15 22
15 7
15 4
15 22
15 16
15 23
15 14
15 24
15 4
15 33
15 18
15 4
15 20
15 22
15 37
15 22
15 43
15 20
15 43
15 8
15 2
15 43
15 27
15 9
15 35
15 5
15 27
15 13
15 15
15 22
15 22
15 24
15 32
15 2
15 7
15 5
15 19
15 27
15 32
15 0
15 13
15 13
15 32
15 43
15 5
15 43
15 2
15 27
15 43
15 5
15 7
15 14
15 4
15 9
15 0
15 4
15 22
15 31
15 9
15 38
15 23
15 16
15 14
15 23
15 4
15 2
15 41
15 18
15 13
15 3
15 43
15 32
15 9
15 33
15 4
15 2
15 14
15 22
15 12
15 9
15 43
15 22
15 32
15 18
15 17
15 0
15 1
15 19
15 24
15 32
15 10
15 48
15 20
15 24
15 43
15 41
15 2
15 12
15 48
15 13
15 14
15 43
15 9
15 10
15 1
15 4
15 0
15 9
15 38
15 38
15 33
15 43
15 30
15 38
15 22
15 46
15 32
15 6
15 6
15 4
15 41
15 28
15 32
15 4
15 8
15 13
15 19
15 7
15 20
15 25
15 20
15 43
15 18
15 32
15 9
15 5
15 4
15 31
15 4
15 25
15 14
15 48
15 13
15 3
15 1
15 4
15 12
15 19
15 11
15 25
15 22
15 16
15 3
15 21
15 22
15 8
15 2
15 32
15 1
15 32
15 43
15 1
15 39
15 35
15 20
15 38
15 43
15 37
15 9
15 43
15 9
15 38
15 22
15 36
15 11
15 19
15 10
15 39
15 20
15 23
15 16
15 21
15 11
15 25
15 2
15 18
15 25
15 9
15 16
15 43
15 2
15 9
15 3
15 1
15 42
15 45
15 39
15 40
15 4
15 24
15 38
15 1
15 1
15 2
15 43
15 21
15 31
15 9
15 14
15 22
15 43
15 8
15 27
15 0
15 30
15 22
15 19
15 22
15 37
15 23
15 32
15 27
15 12
15 8
15 35
15 38
15 32
15 2
15 41
15 33
15 20
15 2
15 0
15 4
15 33
15 9
15 0
15 12
15 13
15 25
15 43
15 10
15 9
15 20
15 0
15 17
15 14
15 19
15 4
15 20
15 4
15 12
15 1
15 4
15 20
15 41
15 33
15 25
15 32
15 14
15 22
15 31
15 32
15 9
15 9
15 2
15 22
15 38
15 32
15 2
15 27
15 35
15 9
15 49
15 33
15 4
15 23
15 9
15 4
15 37
15 22
15 37
15 35
15 21
15 22
15 37
15 2
15 37
15 24
15 43
15 43
15 22
15 32
15 40
15 3
15 36
15 2
15 27
15 38
15 16
15 2
15 20
15 24
15 13
15 33
15 20
15 14
15 9
15 28
15 26
15 31
15 19
15 1
15 25
15 5
15 35
15 1
16 31
16 49
16 27
16 1
16 32
16 1
16 12
16 32
16 38
16 13
16 5
16 9
16 31
16 27
16 1
16 13
16 9
16 21
16 45
16 26
16 20
16 31
16 0
16 4
16 13
16 10
16 9
16 24
16 4
16 38
16 19
16 12
16 10
16 4
16 13
16 9
16 20
16 37
16 4
16 12
16 49
16 1
16 27
16 16
16 2
16 24
16 7
16 23
16 25
16 8
16 9
16 22
16 40
16 45
16 4
16 1
16 37
16 13
16 22
16 27
16 31
16 24
16 8
16 12
16 27
16 12
16 3
16 2
16 28
16 46
16 9
16 20
16 22
16 2
16 14
16 38
16 9
16 49
16 33
16 8
16 1
16 33
16 22
16 38
16 27
16 4
16 7
16 13
16 2
16 4
16 5
16 1
16 22
16 48
16 28
16 21
16 31
16 21
16 27
16 26
16 32
16 2
16 7
16 3
16 9
16 9
16 13
16 25
16 2
16 35
16 43
16 22
16 24
16 0
16 9
16 2
16 12
16 20
16 43
16 13
16 10
16 12
16 9
16 2
16 12
16 33
16 19
16 1
16 1
16 9
16 41
16 38
16 37
16 5
16 31
16 43
16 32
16 32
16 3
16 17
16 22
16 8
16 21
16 24
16 9
16 16
16 27
16 37
16 4
16 16
16 3
16 1
16 16
16 32
16 7
16 2
16 2
16 31
16 13
16 16
16 17
16 19
16 49
16 10
16 18
16 2
16 25
16 33
16 14
16 38
16 33
16 5
16 35
16 0
16 9
16 19
16 43
16 37
16 2
16 2
16 9
16 25
16 6
16 1
16 11
16 3
16 43
16 16
16 4
16 10
16 2
16 7
16 4
16 19
16 9
16 8
16 39
16 3
16 2
16 17
16 43
16 27
16 4
16 32
16 31
16 33
16 38
16 9
16 20
16 3
16 20
16 41
16 4
16 24
16 14
16 43
16 14
16 2
16 19
16 43
16 39
16 22
16 33
16 21
16 20
16 14
16 0
16 2
16 16
16 20
16 9
16 21
16 32
16 2
16 22
16 4
16 33
16 31
16 11
16 12
16 12
16 19
16 26
16 14
16 35
16 11
16 13
16 1
16 11
16 22
16 24
16 2
16 19
16 17
16 24
16 2
16 9
16 31
16 31
16 32
16 14
16 43
16 24
16 33
16 19
16 21
16 5
16 8
16 13
16 7
16 12
16 0
16 4
16 13
16 37
16 22
16 45
16 8
16 9
16 43
16 14
16 24
16 2
16 19
16 19
16 19
16 9
16 37
16 4
16 10
16 21
16 19
16 1
16 13
16 14
16 32
16 27
16 43
16 32
16 43
16 16
16 21
16 13
16 0
16 31
16 26
16 12
16 9
16 20
16 19
16 2
16 22
16 33
16 40
16 49
16 31
16 9
16 2
16 24
16 9
16 2
16 43
16 2
16 9
16 14
16 4
16 31
16 7
16 25
16 37
16 24
16 7
16 5
16 22
16 22
16 16
16 20
16 18
16 19
16 33
16 20
16 40
16 18
16 5
16 12
16 19
16 2
16 25
16 18
16 31
16 1
16 4
16 2
16 37
16 8
16 46
16 22
16 9
16 19
16 9
16 35
16 45
16 8
17 19
17 19
17 16
17 24
17 6
17 17
17 9
17 12
17 4
17 9
17 2
17 0
17 43
17 22
17 43
17 27
17 36
17 49
17 37
17 12
17 12
17 38
17 33
17 1
17 39
17 30
17 33
17 41
17 9
17 12
17 19
17 15
17 32
17 22
17 14
17 18
17 1
17 24
17 39
17 19
17 25
17 10
17 1
17 31
17 32
17 22
17 7
17 32
17 37
17 19
17 25
17 12
17 16
17 1
17 1
17 27
17 13
17 24
17 33
17 12
17 0
17 12
17 25
17 33
17 2
17 23
17 15
17 1
17 7
17 33
17 12
17 27
17 49
17 9
17 37
17 9
17 22
17 24
17 46
17 4
17 16
17 22
17 6
17 8
17 40
17 2
17 18
17 2
17 2
17 9
17 0
17 31
17 7
17 4
17 22
17 38
17 43
17 2
17 41
17 1
17 37
17 32
17 18
17 19
17 8
17 35
17 46
17 37
17 11
17 24
17 7
17 38
17 41
17 43
17 12
17 28
17 7
17 13
17 22
17 22
17 33
17 25
17 39
17 36
17 33
17 21
17 1
17 1
17 22
17 48
17 27
17 33
17 4
17 5
17 16
17 25
17 43
17 1
17 2
17 22
17 22
17 0
17 3
17 37
17 1
17 15
17 38
17 10
17 35
17 20
17 24
17 12
17 13
17 36
17 33
17 25
17 20
17 19
17 2
17 35
17 18
17 37
17 4
17 10
17 20
17 1
17 12
17 24
17 38
17 31
17 22
17 33
17 37
17 6
17 31
17 25
17 8
17 36
17 1
17 41
17 4
17 12
17 26
17 7
17 20
17 2
17 5
17 19
17 19
17 19
17 25
17 3
17 38
17 22
17 9
17 19
17 43
17 18
17 16
17 0
17 33
17 9
17 2
17 45
17 1
17 32
17 48
17 19
17 20
17 14
17 1
17 9
17 19
17 38
17 41
17 20
17 2
17 35
17 16
17 25
17 25
17 49
17 31
17 1
17 17
17 2
17 43
17 12
17 12
17 17
17 35
17 46
17 31
17 22
17 22
17 7
17 35
17 46
17 32
17 20
17 37
17 11
17 12
17 1
17 38
17 33
17 1
17 46
17 37
17 28
17 22
17 32
17 46
17 1
17 24
17 33
17 19
17 2
17 2
17 1
17 13
17 1
17 37
17 27
17 12
17 7
17 33
17 1
17 33
17 19
17 19
17 15
17 35
17 4
17 30
17 7
17 2
17 18
17 2
17 1
17 14
17 7
17 4
17 46
17 38
17 5
17 4
17 12
17 0
17 13
17 39
17 8
17 18
17 19
17 2
17 2
17 1
17 23
17 19
17 24
17 38
17 20
17 39
17 8
17 4
17 20
18 2
18 27
18 49
18 25
18 3
18 12
18 25
18 4
18 35
18 4
18 43
18 1
18 24
18 38
18 43
18 20
18 21
18 43
18 24
18 9
18 25
18 32
18 49
18 33
18 10
18 9
18 19
18 2
18 22
18 12
18 35
18 9
18 19
18 2
18 12
18 3
18 1
18 32
18 32
18 49
18 27
18 33
18 40
18 18
18 49
18 25
18 39
18 1
18 1
18 12
18 16
18 21
18 4
18 3
18 15
18 49
18 38
18 2
18 28
18 33
18 33
18 20
18 38
18 22
18 2
18 2
18 27
18 1
18 7
18 40
18 38
18 6
18 21
18 16
18 19
18 4
18 1
18 14
18 2
18 21
18 18
18 16
18 4
18 38
18 3
18 35
18 25
18 24
18 1
18 22
18 41
18 22
18 24
18 25
18 37
18 35
18 43
18 16
18 43
18 27
18 8
18 33
18 21
18 1
18 1
18 18
18 5
18 45
18 38
18 49
18 19
18 26
18 37
18 18
18 46
18 13
18 20
18 12
18 7
18 0
18 8
18 1
18 23
18 19
18 14
18 12
18 2
18 10
18 1
18 4
18 6
18 35
18 22
18 1
18 4
18 18
18 12
18 10
18 33
18 49
18 18
18 20
18 7
18 38
18 16
18 2
18 24
18 18
18 25
18 10
18 5
18 21
18 21
18 24
18 14
18 10
18 1
18 19
18 25
18 25
18 32
18 20
18 37
18 2
18 12
18 15
18 19
18 9
18 33
18 38
18 20
18 49
18 43
18 6
18 9
18 2
18 10
18 1
18 23
18 36
18 20
18 2
18 37
18 40
18 21
18 11
18 24
18 45
18 33
18 13
18 1
18 25
18 22
18 12
18 25
18 20
18 2
18 2
18 0
18 20
18 22
18 38
18 22
18 20
18 24
18 22
18 23
18 49
18 16
18 43
18 35
18 33
18 4
18 32
18 6
18 0
18 0
18 14
18 32
18 36
18 12
18 20
18 20
18 49
18 20
18 12
18 12
18 41
18 4
18 25
18 12
18 33
18 37
18 3
18 1
18 43
18 31
18 22
18 32
18 43
18 2
18 14
18 35
18 1
18 1
18 22
18 19
18 24
18 8
18 43
18 19
18 1
18 2
18 24
18 25
18 11
18 19
18 3
18 25
18 18
18 23
18 32
18 38
18 37
18 1
18 10
18 2
18 2
18 4
18 9
18 33
18 2
18 27
18 2
18 14
18 9
18 24
18 25
18 1
18 33
18 45
18 18
18 28
18 10
18 2
18 20
18 13
18 33
18 3
18 3
18 20
18 40
18 23
18 32
18 3
18 19
18 1
18 11
18 5
18 14
18 7
18 24
18 11
18 24
18 25
18 22
18 14
18 43
18 3
18 38
18 49
18 38
18 29
18 2
18 35
18 28
18 12
19 19
19 27
19 1
19 12
19 25
19 38
19 11
19 28
19 11
19 43
19 38
19 2
19 33
19 19
19 33
19 10
19 9
19 25
19 5
19 1
19 1
19 25
19 21
19 28
19 31
19 33
19 24
19 1
19 25
19 19
19 20
19 24
19 12
19 33
19 19
19 2
19 33
19 41
19 32
19 1
19 9
19 0
19 12
19 24
19 33
19 4
19 2
19 27
19 36
19 25
19 25
19 28
19 10
19 19
19 36
19 1
19 6
19 21
19 1
19 12
19 16
19 31
19 24
19 10
19 35
19 23
19 28
19 1
19 22
19 3
19 1
19 20
19 13
19 1
19 19
19 1
19 31
19 43
19 43
19 11
19 33
19 1
19 3
19 2
19 1
19 24
19 30
19 19
19 25
19 0
19 9
19 16
19 1
19 9
19 28
19 15
19 35
19 1
19 22
19 35
19 32
19 41
19 35
19 1
19 2
19 0
19 11
19 12
19 8
19 33
19 6
19 10
19 2
19 20
19 13
19 16
19 19
19 1
19 22
19 43
19 22
19 31
19 1
19 39
19 24
19 4
19 11
19 3
19 19
19 4
19 19
19 33
19 1
19 16
19 32
19 32
19 11
19 43
19 26
19 24
19 26
19 38
19 11
19 14
19 40
19 2
19 20
19 22
19 1
19 25
19 24
19 19
19 21
19 2
19 24
19 32
19 1
19 19
19 28
19 11
19 43
19 20
19 24
19 33
19 33
19 14
19 2
19 24
19 11
19 4
19 16
19 12
19 19
19 38
19 14
19 1
19 3
19 9
19 44
19 18
19 39
19 19
19 24
19 2
19 5
19 1
19 27
19 31
19 22
19 28
19 20
19 9
19 14
19 2
19 49
19 35
19 3
19 2
19 24
19 3
19 13
19 1
19 9
19 32
19 33
19 2
19 33
19 20
19 31
19 19
19 5
19 19
19 33
19 24
19 6
19 24
19 37
19 20
19 13
19 12
19 11
19 2
19 37
19 14
19 2
19 20
19 1
19 14
19 19
19 22
19 2
19 24
19 2
19 2
19 2
19 19
19 20
19 33
19 11
19 33
19 48
19 33
19 45
19 24
19 1
19 0
19 0
19 22
19 10
19 2
19 35
19 20
19 2
19 22
19 25
19 1
19 19
19 18
19 45
19 27
19 28
19 4
19 35
19 8
19 4
19 38
19 35
19 46
19 5
19 13
19 25
19 20
19 1
19 16
19 22
19 13
19 15
19 2
19 37
19 10
19 22
19 24
19 24
19 19
19 1
19 28
19 18
19 2
19 43
19 22
19 22
19 16
19 5
19 37
19 38
19 19
19 20
19 49
19 28
19 25
19 24
19 19
19 45
19 19
19 4
19 1
19 4
19 1
19 19
19 21
19 25
19 24
19 1
19 8
19 32
19 2
19 46
19 24
19 1
19 12
19 11
19 37
