0 22
1 23
2 23
3 23
4 25
5 24
6 25
7 26
8 26
9 30
10 29
11 29
12 30
13 30
14 30
15 31
16 29
17 28
18 29
19 31
20 30
21 30
22 31
23 31
24 30
25 31
26 31
27 30
28 29
29 31
30 33
31 31
32 32
33 30
34 30
35 30
36 29
37 30
38 29
39 29
40 27
41 28
42 28
43 27
44 27
45 28
46 28
47 29
48 29
49 28
50 28
51 29
52 27
53 27
54 28
55 28
56 28
57 30
58 32
59 31
60 30
61 28
62 28
63 30
64 27
65 27
66 28
67 27
68 29
69 33
70 39
71 35
72 34
73 29
74 30
75 28
76 28
77 29
78 27
79 26
80 25
81 17
82 0
83 0
84 29
85 21
86 20
87 18
88 19
89 19
90 19
91 18
92 17
93 18
94 20
95 19
96 20
97 19
98 18
99 18
100 19
101 19
102 21
103 20
104 21
105 21
106 18
107 17
108 15
109 14
110 12
111 11
112 9
113 10
114 8
115 7
116 8
117 7
118 7
119 6
120 6
121 5
122 5
123 4
124 4
125 4
126 4
127 4
128 3
129 3
130 4
131 4
132 4
133 4
134 4
135 4
136 4
137 4
138 4
139 3
140 3
141 4
142 4
143 3
144 4
145 3
146 3
147 4
148 4
149 5
150 5
151 5
152 5
153 6
154 6
155 6
156 5
157 6
158 6
159 7
160 7
161 7
162 9
163 9
164 10
165 10
166 11
167 11
168 13
169 13
170 14
171 14
172 14
173 15
174 20
175 19
176 19
177 18
178 19
179 18
180 19
181 20
182 20
183 20
184 20
185 21
186 24
187 23
188 22
189 22
190 22
191 21
192 22
193 21
194 22
195 20
196 20
197 22
198 21
199 21
200 21
201 18
202 19
203 18
204 17
205 17
206 18
207 20
208 20
209 20
210 21
211 19
212 20
213 18
214 19
215 18
216 18
217 17
218 18
219 17
220 19
221 18
222 19
223 20
224 19
225 18
226 17
227 18
228 17
229 16
230 18
231 16
232 17
233 18
234 18
235 19
236 19
237 20
238 21
239 20
240 0
241 0
242 0
243 0
244 0
245 0
246 0
247 0
248 0
249 0
250 0
251 0
252 0
253 0
254 0
255 0
256 0
257 0
258 0
259 0
260 0
261 0
262 0
263 0
264 0
265 0
266 0
267 0
268 0
269 0
270 0
271 0
272 0
273 0
274 0
275 0
276 0
277 0
278 0
279 0
280 0
281 0
282 0
283 0
284 0
285 0
286 0
287 0
