0 35
0 39
0 5
0 38
0 4
0 38
0 24
0 32
0 13
0 1
0 14
0 4
0 41
0 41
0 33
0 38
0 2
0 1
0 27
0 35
0 13
0 7
0 2
0 11
0 27
0 14
0 33
0 33
0 41
0 2
0 19
0 12
0 2
0 2
0 19
0 3
1 2
1 10
1 22
1 9
1 38
1 12
1 21
1 25
1 19
1 7
1 3
1 20
1 37
1 16
1 13
1 13
1 9
1 1
1 38
1 2
1 24
1 15
1 2
1 24
1 36
1 45
1 4
1 8
1 20
1 33
1 48
1 27
1 1
1 19
1 20
1 2
2 11
2 18
2 1
2 24
2 7
2 24
2 13
2 9
2 24
2 27
2 24
2 27
2 32
2 37
2 32
2 20
2 32
2 2
2 9
2 13
2 0
2 38
2 33
2 43
2 19
2 19
2 35
2 49
2 20
2 2
2 2
2 10
2 31
2 2
2 32
3 1
3 22
3 37
3 2
3 2
3 13
3 19
3 35
3 20
3 2
3 1
3 2
3 46
3 13
3 13
3 12
3 25
3 23
3 10
3 24
3 2
3 45
3 33
3 20
3 2
3 13
3 9
3 2
3 3
3 14
3 2
3 19
3 35
3 33
3 2
4 16
4 16
4 1
4 13
4 33
4 2
4 32
4 28
4 12
4 32
4 33
4 19
4 1
4 19
4 20
4 20
4 2
4 45
4 0
4 24
4 13
4 33
4 2
4 22
4 9
4 24
4 19
4 14
4 13
4 28
4 33
4 43
4 32
5 9
5 39
5 13
5 1
5 19
5 2
5 19
5 13
5 24
5 1
5 1
5 13
5 2
5 31
5 20
5 32
5 49
5 11
5 38
5 24
5 33
5 1
5 9
5 12
5 13
5 25
5 11
5 19
5 2
5 38
5 20
5 19
5 33
5 1
5 37
5 9
5 32
5 25
5 2
6 19
6 27
6 13
6 0
6 9
6 5
6 25
6 20
6 9
6 25
6 19
6 33
6 2
6 0
6 1
6 8
6 24
6 1
6 19
6 7
6 0
6 12
6 32
6 9
6 41
6 13
6 3
6 3
6 32
6 38
6 41
6 10
6 24
6 11
6 19
6 20
6 31
6 45
6 20
6 24
6 33
6 49
7 10
7 0
7 32
7 49
7 13
7 0
7 46
7 3
7 12
7 41
7 8
7 20
7 19
7 13
7 35
7 19
7 20
7 38
7 33
7 24
7 9
7 33
7 9
7 20
7 2
7 12
7 49
7 1
7 1
7 19
7 24
7 12
7 19
7 45
7 1
7 14
7 21
7 2
7 38
7 37
7 5
7 24
7 10
7 9
7 27
8 20
8 48
8 18
8 38
8 1
8 20
8 33
8 20
8 19
8 1
8 25
8 0
8 25
8 39
8 2
8 32
8 35
8 41
8 12
8 7
8 8
8 24
8 14
8 16
8 19
8 28
8 19
8 13
8 22
8 9
8 19
8 1
8 11
8 18
8 13
8 9
8 33
8 35
9 19
9 1
9 19
9 25
9 45
9 9
9 1
9 9
9 36
9 1
9 31
9 1
9 21
9 22
9 1
9 9
9 20
9 9
9 0
9 2
9 11
9 9
9 25
9 3
9 0
9 20
9 8
9 43
9 9
9 19
9 1
9 45
9 14
9 13
9 13
9 4
9 25
10 24
10 23
10 8
10 1
10 21
10 16
10 10
10 3
10 35
10 11
10 31
10 23
10 9
10 8
10 13
10 1
10 24
10 19
10 21
10 14
10 49
10 6
10 11
10 15
10 24
10 11
10 16
10 19
10 21
10 12
10 0
10 9
10 38
10 9
10 2
10 13
10 31
10 31
10 9
10 13
10 14
10 38
10 20
10 13
11 12
11 21
11 18
11 37
11 22
11 37
11 2
11 1
11 16
11 7
11 20
11 12
11 19
11 35
11 2
11 4
11 0
11 10
11 32
11 18
11 20
11 20
11 20
11 10
11 12
11 23
11 19
11 9
11 25
11 2
11 38
11 21
11 32
11 19
11 19
11 27
11 25
11 33
11 0
11 7
11 35
11 38
11 1
11 13
11 32
11 39
11 19
11 4
12 33
12 3
12 1
12 9
12 11
12 13
12 24
12 1
12 8
12 25
12 14
12 16
12 14
12 32
12 7
12 19
12 32
12 19
12 2
12 24
12 10
12 0
12 33
12 1
12 38
12 20
12 27
12 35
12 24
12 20
12 21
12 19
12 11
12 18
12 9
12 40
12 13
12 35
12 19
12 20
12 45
12 21
12 2
12 14
13 7
13 43
13 48
13 1
13 33
13 41
13 43
13 13
13 1
13 39
13 2
13 7
13 9
13 8
13 11
13 9
13 0
13 13
13 19
13 40
13 19
13 7
13 20
13 19
13 18
13 1
13 48
13 33
13 7
13 1
13 38
13 36
13 19
13 20
13 20
14 5
14 38
14 4
14 13
14 9
14 13
14 3
14 11
14 24
14 19
14 21
14 24
14 9
14 19
14 38
14 25
14 32
14 7
14 25
14 2
14 13
14 19
14 9
14 2
14 46
14 4
14 10
14 43
14 0
14 25
14 23
14 3
14 7
14 41
14 24
14 27
14 19
14 24
14 2
14 33
14 2
14 20
15 2
15 9
15 4
15 16
15 4
15 22
15 2
15 45
15 38
15 2
15 8
15 0
15 23
15 33
15 3
15 33
15 9
15 32
15 12
15 20
15 33
15 19
15 27
15 1
15 2
15 36
15 13
15 25
15 24
15 32
15 11
15 21
15 24
15 0
15 19
15 32
15 0
15 2
15 33
15 21
15 9
15 20
15 38
16 4
16 9
16 28
16 42
16 22
16 1
16 19
16 27
16 33
16 38
16 31
16 24
16 5
16 22
16 9
16 2
16 3
16 10
16 4
16 1
16 46
16 1
16 9
16 38
16 41
16 10
16 38
16 2
16 13
16 13
16 19
16 2
16 11
16 13
16 27
16 16
16 32
16 1
16 13
16 32
16 31
16 2
16 12
16 39
17 19
17 3
17 13
17 3
17 21
17 19
17 24
17 0
17 5
17 24
17 19
17 24
17 9
17 20
17 9
17 24
17 2
17 14
17 27
17 16
17 33
17 10
17 7
17 49
17 13
17 24
17 18
17 49
17 5
17 13
17 31
17 5
17 21
17 13
17 2
17 32
17 9
17 24
17 24
17 37
17 8
17 23
18 4
18 20
18 32
18 13
18 24
18 21
18 13
18 13
18 2
18 20
18 33
18 7
18 46
18 19
18 20
18 8
18 20
18 10
18 38
18 24
18 7
18 8
18 22
18 3
18 31
18 12
18 41
18 45
18 32
18 19
18 9
18 13
18 12
18 27
18 19
18 0
18 2
18 8
18 45
18 31
18 27
18 1
18 10
18 12
18 2
18 37
18 43
18 28
18 21
19 9
19 37
19 33
19 25
19 9
19 27
19 24
19 0
19 2
19 20
19 13
19 0
19 2
19 9
19 1
19 31
19 20
19 32
19 1
19 33
19 2
19 27
19 45
19 13
19 19
19 27
19 19
19 9
19 22
19 2
19 1
19 4
19 43
19 41
19 13
19 25
19 19
19 28
19 2
19 33
19 27
19 10
19 22
19 33
20 1
20 16
20 24
20 38
20 33
20 7
20 13
20 9
20 31
20 13
20 31
20 48
20 24
20 3
20 0
20 25
20 1
20 19
20 4
20 27
20 32
20 14
20 37
20 13
20 24
20 24
20 8
20 27
20 19
20 23
20 13
20 28
20 32
20 9
20 37
20 38
20 3
20 31
20 13
20 14
20 4
20 21
20 22
20 27
21 12
21 13
21 41
21 9
21 28
21 25
21 32
21 21
21 2
21 7
21 20
21 19
21 9
21 19
21 19
21 9
21 7
21 33
21 1
21 39
21 13
21 19
21 33
21 13
21 24
21 4
21 4
21 22
21 9
21 5
21 0
21 24
21 27
21 12
21 27
21 37
21 13
21 12
21 20
21 48
21 4
21 20
22 32
22 27
22 35
22 27
22 9
22 19
22 1
22 27
22 7
22 46
22 38
22 25
22 13
22 4
22 13
22 31
22 9
22 19
22 2
22 13
22 19
22 10
22 2
22 24
22 19
22 31
22 7
22 32
22 20
22 28
22 33
22 9
22 43
22 37
22 49
22 13
22 1
22 2
22 19
22 19
22 0
22 9
22 20
22 32
22 24
22 33
22 10
22 13
22 9
22 0
22 24
22 12
22 37
23 35
23 20
23 10
23 20
23 31
23 24
23 2
23 39
23 25
23 24
23 45
23 9
23 19
23 22
23 2
23 13
23 13
23 12
23 22
23 9
23 2
23 2
23 2
23 8
23 19
23 35
23 19
23 2
23 19
23 32
23 31
23 2
23 24
23 22
23 8
23 16
23 24
23 2
23 13
23 0
23 23
23 32
23 12
23 10
23 16
23 5
23 19
23 9
24 27
24 19
24 7
24 7
24 33
24 9
24 43
24 19
24 37
24 12
24 24
24 20
24 33
24 35
24 3
24 0
24 45
24 19
24 37
24 16
24 20
24 13
24 37
24 18
24 13
24 32
24 12
24 24
24 3
24 13
24 32
24 32
24 19
24 8
24 19
24 4
24 33
24 9
24 13
24 19
24 12
24 31
24 38
24 24
24 38
24 11
24 27
24 9
25 19
25 10
25 2
25 33
25 3
25 13
25 9
25 2
25 37
25 9
25 19
25 38
25 9
25 4
25 4
25 13
25 2
25 1
25 19
25 24
25 19
25 27
25 27
25 27
25 27
25 38
25 19
25 3
25 9
25 20
25 33
25 13
25 20
25 24
25 21
25 7
25 13
25 20
25 24
25 13
25 32
25 14
25 7
25 8
25 2
25 27
25 10
25 8
25 24
25 2
25 12
26 13
26 20
26 4
26 21
26 0
26 2
26 19
26 2
26 2
26 19
26 33
26 23
26 9
26 14
26 31
26 9
26 32
26 19
26 19
26 39
26 33
26 24
26 2
26 0
26 41
26 8
26 46
26 10
26 25
26 33
26 2
26 32
26 2
26 9
26 33
26 27
26 20
26 1
26 19
26 33
26 4
26 13
26 11
26 31
26 3
27 32
27 12
27 5
27 12
27 5
27 24
27 14
27 2
27 12
27 23
27 13
27 14
27 16
27 19
27 10
27 9
27 13
27 24
27 3
27 38
27 0
27 28
27 22
27 24
27 2
27 2
27 4
27 27
27 2
27 24
27 39
27 11
27 37
27 2
27 20
27 12
27 6
27 10
27 12
27 10
27 38
27 12
27 21
27 37
27 9
27 13
27 9
27 24
28 19
28 16
28 2
28 1
28 33
28 24
28 9
28 19
28 37
28 28
28 9
28 45
28 20
28 5
28 2
28 20
28 2
28 35
28 19
28 19
28 37
28 24
28 20
28 2
28 33
28 9
28 24
28 2
28 11
28 10
28 37
28 37
28 23
28 16
28 8
28 32
28 32
28 2
28 1
28 49
28 24
28 24
28 41
28 32
28 9
28 20
28 22
28 19
28 37
28 35
28 33
28 22
28 19
29 9
29 9
29 19
29 28
29 31
29 8
29 22
29 19
29 15
29 25
29 9
29 27
29 2
29 11
29 12
29 32
29 19
29 1
29 24
29 32
29 24
29 2
29 7
29 27
29 2
29 12
29 8
29 32
29 33
29 20
29 21
29 9
29 8
29 43
29 4
29 2
29 20
29 32
29 28
29 11
29 28
29 19
29 19
29 19
29 7
29 2
29 33
29 31
29 20
30 24
30 25
30 2
30 49
30 3
30 4
30 31
30 1
30 1
30 38
30 22
30 10
30 16
30 35
30 33
30 21
30 2
30 31
30 19
30 14
30 32
30 33
30 2
30 9
30 19
30 20
30 19
30 21
30 9
30 4
30 43
30 9
30 4
30 22
30 16
30 1
30 37
30 32
30 33
30 16
30 12
30 41
30 0
30 13
30 7
30 22
30 2
30 11
30 7
30 2
30 27
31 27
31 22
31 0
31 24
31 25
31 31
31 22
31 0
31 2
31 32
31 22
31 32
31 28
31 2
31 39
31 7
31 32
31 21
31 19
31 36
31 8
31 10
31 18
31 1
31 10
31 32
31 10
31 5
31 10
31 14
31 2
31 19
31 8
31 24
31 13
31 46
31 2
31 2
31 19
31 38
31 9
31 11
31 21
31 19
31 20
31 33
32 49
32 37
32 16
32 19
32 2
32 8
32 14
32 13
32 9
32 43
32 0
32 19
32 2
32 2
32 25
32 13
32 43
32 19
32 41
32 3
32 35
32 45
32 27
32 16
32 28
32 49
32 19
32 0
32 45
32 19
32 17
32 19
32 19
32 21
32 36
32 2
32 19
32 9
32 9
32 14
32 33
32 20
32 27
32 33
32 18
32 2
32 14
33 2
33 32
33 20
33 14
33 22
33 9
33 14
33 32
33 12
33 22
33 20
33 14
33 12
33 13
33 13
33 33
33 19
33 32
33 27
33 27
33 33
33 24
33 1
33 25
33 18
33 19
33 35
33 7
33 11
33 22
33 8
33 3
33 31
33 20
33 16
33 10
33 24
33 0
33 32
33 33
33 9
33 4
33 20
33 12
33 10
33 24
33 2
33 19
33 12
33 2
33 39
33 21
33 2
33 43
34 22
34 7
34 35
34 3
34 12
34 13
34 43
34 0
34 19
34 3
34 9
34 32
34 20
34 12
34 33
34 8
34 23
34 22
34 25
34 19
34 20
34 2
34 3
34 13
34 39
34 36
34 19
34 0
34 2
34 12
34 4
34 8
34 19
34 19
34 19
34 5
34 25
34 4
34 0
34 2
34 21
34 8
34 13
34 21
34 19
35 22
35 19
35 35
35 27
35 2
35 35
35 3
35 35
35 25
35 24
35 45
35 16
35 19
35 19
35 33
35 41
35 9
35 20
35 27
35 19
35 33
35 10
35 18
35 3
35 12
35 19
35 9
35 23
35 31
35 19
35 19
35 13
35 10
35 0
35 43
35 12
35 14
35 31
35 37
35 14
35 0
35 8
35 2
35 19
35 33
35 20
35 0
36 3
36 14
36 2
36 1
36 22
36 11
36 38
36 35
36 25
36 33
36 33
36 12
36 37
36 2
36 2
36 0
36 22
36 19
36 13
36 20
36 37
36 32
36 20
36 27
36 13
36 45
36 1
36 24
36 5
36 8
36 9
36 1
36 1
36 25
36 28
36 33
36 12
36 0
36 27
36 19
36 19
36 39
36 1
36 32
36 13
36 5
36 37
36 12
36 19
36 12
37 2
37 2
37 43
37 38
37 2
37 14
37 2
37 3
37 41
37 0
37 13
37 11
37 49
37 33
37 1
37 12
37 2
37 0
37 43
37 9
37 33
37 12
37 46
37 33
37 12
37 9
37 31
37 16
37 18
37 33
37 19
37 31
37 8
37 32
37 19
37 33
37 9
37 12
37 10
37 2
37 25
37 16
37 35
37 2
37 32
37 11
38 19
38 39
38 10
38 45
38 16
38 13
38 35
38 2
38 2
38 19
38 4
38 9
38 1
38 32
38 25
38 27
38 2
38 15
38 20
38 32
38 24
38 16
38 36
38 19
38 2
38 33
38 2
38 3
38 31
38 33
38 21
38 24
38 1
38 49
38 24
38 0
38 7
38 13
38 2
38 2
38 32
38 12
38 0
38 11
38 4
38 38
38 19
38 21
38 46
38 31
38 4
38 24
38 24
38 37
38 23
38 32
39 24
39 7
39 21
39 19
39 33
39 40
39 24
39 49
39 11
39 21
39 21
39 2
39 38
39 33
39 24
39 31
39 4
39 21
39 9
39 39
39 41
39 33
39 14
39 25
39 21
39 2
39 2
39 12
39 10
39 2
39 32
39 19
39 31
39 14
39 14
39 43
39 2
39 10
39 13
39 14
39 33
39 35
39 32
39 43
39 8
40 11
40 13
40 25
40 13
40 9
40 24
40 32
40 43
40 32
40 4
40 24
40 2
40 27
40 45
40 11
40 4
40 17
40 27
40 12
40 33
40 19
40 35
40 19
40 19
40 1
40 33
40 1
40 10
40 19
40 33
40 45
40 21
40 33
40 25
40 33
40 20
40 32
40 20
40 45
40 32
40 19
40 9
40 43
40 31
40 2
40 33
40 27
40 10
41 4
41 19
41 22
41 4
41 32
41 21
41 4
41 1
41 20
41 32
41 19
41 28
41 38
41 33
41 19
41 33
41 14
41 20
41 32
41 1
41 33
41 10
41 13
41 19
41 33
41 32
41 19
41 41
41 19
41 41
41 32
41 38
41 19
41 13
41 45
41 46
41 37
41 33
41 4
41 1
41 4
41 10
41 31
41 3
41 1
41 33
41 0
42 2
42 1
42 2
42 19
42 2
42 24
42 19
42 20
42 19
42 33
42 19
42 19
42 1
42 32
42 19
42 2
42 1
42 0
42 1
42 19
42 20
42 20
42 12
42 22
42 37
42 19
42 14
42 4
42 3
42 19
42 1
42 37
42 2
42 14
42 25
42 31
42 12
42 11
42 0
42 12
42 21
42 0
42 23
42 0
42 20
42 38
42 22
42 16
42 19
42 1
43 20
43 37
43 32
43 19
43 33
43 38
43 9
43 11
43 43
43 7
43 33
43 33
43 21
43 33
43 14
43 45
43 5
43 2
43 1
43 41
43 49
43 25
43 32
43 38
43 27
43 24
43 24
43 19
43 4
43 10
43 7
43 20
43 24
43 19
43 0
43 3
43 41
43 11
43 0
43 1
43 46
43 24
43 2
44 35
44 9
44 35
44 24
44 33
44 3
44 43
44 1
44 3
44 33
44 45
44 0
44 8
44 2
44 22
44 13
44 33
44 32
44 35
44 19
44 0
44 24
44 3
44 24
44 9
44 27
44 32
44 38
44 41
44 2
44 33
44 14
44 25
44 35
44 13
44 22
44 27
44 19
44 12
44 2
44 19
44 19
44 2
44 23
44 0
44 11
44 31
45 7
45 33
45 38
45 19
45 37
45 8
45 10
45 4
45 19
45 49
45 33
45 1
45 2
45 33
45 0
45 41
45 32
45 4
45 27
45 10
45 0
45 10
45 3
45 2
45 27
45 24
45 2
45 33
45 0
45 2
45 24
45 13
45 24
45 0
45 3
45 5
45 20
45 32
45 25
45 2
45 33
45 19
45 25
45 21
45 2
46 24
46 1
46 19
46 32
46 21
46 11
46 10
46 19
46 21
46 43
46 21
46 19
46 23
46 21
46 38
46 35
46 12
46 24
46 31
46 24
46 19
46 1
46 24
46 24
46 35
46 38
46 2
46 19
46 13
46 20
46 21
46 37
46 0
46 11
46 2
46 25
46 32
46 33
46 33
46 31
46 24
46 12
47 3
47 33
47 31
47 37
47 28
47 1
47 20
47 14
47 10
47 3
47 32
47 20
47 35
47 31
47 19
47 1
47 19
47 1
47 19
47 19
47 0
47 7
47 12
47 19
47 0
47 2
47 33
47 24
47 9
47 7
47 21
47 4
47 12
47 2
47 12
47 33
47 13
47 2
47 32
47 9
47 41
47 7
47 4
47 4
48 25
48 31
48 19
48 14
48 33
48 0
48 35
48 35
48 33
48 19
48 24
48 2
48 2
48 10
48 33
48 22
48 32
48 26
48 7
48 45
48 3
48 2
48 13
48 33
48 19
48 43
48 20
48 1
48 24
48 21
48 19
48 19
48 35
48 2
48 5
48 32
48 2
48 38
48 13
48 33
48 2
48 32
49 32
49 33
49 24
49 2
49 31
49 3
49 35
49 1
49 0
49 4
49 19
49 32
49 43
49 19
49 10
49 0
49 4
49 11
49 19
49 10
49 46
49 8
49 21
49 25
49 3
49 7
49 22
49 32
49 32
49 19
49 38
49 12
49 20
49 42
49 21
49 22
49 8
49 20
49 0
49 33
49 31
49 25
49 19
50 28
50 32
50 18
50 2
50 21
50 31
50 1
50 19
50 41
50 32
50 2
50 7
50 7
50 33
50 9
50 33
50 32
50 9
50 17
50 19
50 19
50 27
50 33
50 41
50 19
50 33
50 16
50 28
50 8
50 2
50 27
50 27
50 32
50 9
50 19
50 2
50 30
50 31
50 9
51 2
51 7
51 33
51 1
51 8
51 9
51 32
51 13
51 49
51 32
51 21
51 45
51 26
51 13
51 19
51 24
51 14
51 10
51 38
51 43
51 30
51 12
51 27
51 39
51 4
51 24
51 14
51 22
51 2
51 27
51 10
51 33
51 2
51 0
51 23
51 33
51 49
51 19
51 8
51 16
52 28
52 19
52 7
52 9
52 35
52 32
52 38
52 37
52 20
52 3
52 37
52 8
52 43
52 33
52 14
52 41
52 45
52 12
52 24
52 19
52 33
52 19
52 4
52 8
52 4
52 19
52 0
52 33
52 25
52 32
52 32
52 19
52 24
52 33
52 11
52 41
52 1
52 20
52 24
52 11
52 32
53 43
53 38
53 9
53 2
53 8
53 19
53 3
53 10
53 32
53 1
53 3
53 21
53 27
53 12
53 24
53 32
53 32
53 27
53 5
53 35
53 12
53 32
53 19
53 13
53 3
53 19
53 19
53 16
53 2
53 33
53 20
53 19
53 20
53 2
53 2
53 19
53 2
54 2
54 19
54 7
54 31
54 22
54 16
54 32
54 27
54 0
54 2
54 1
54 46
54 33
54 4
54 22
54 14
54 2
54 43
54 32
54 49
54 32
54 41
54 9
54 49
54 2
54 24
54 37
54 35
54 19
54 22
54 22
54 2
54 27
54 27
54 41
54 1
54 27
54 18
54 12
54 19
54 20
54 19
54 19
55 24
55 41
55 10
55 35
55 7
55 41
55 8
55 12
55 9
55 43
55 32
55 33
55 19
55 5
55 27
55 21
55 0
55 25
55 0
55 16
55 22
55 32
55 32
55 2
55 2
55 14
55 20
55 4
55 18
55 2
55 12
55 27
55 28
55 33
55 10
55 19
55 43
55 4
56 32
56 9
56 12
56 25
56 0
56 35
56 14
56 33
56 0
56 1
56 14
56 19
56 43
56 9
56 38
56 46
56 14
56 31
56 2
56 4
56 39
56 2
56 31
56 12
56 0
56 43
56 4
56 0
56 12
56 24
56 8
56 33
56 10
56 33
56 9
56 12
56 3
56 31
56 14
56 33
56 10
57 32
57 7
57 2
57 33
57 40
57 9
57 14
57 28
57 32
57 31
57 5
57 9
57 27
57 27
57 22
57 10
57 0
57 43
57 4
57 32
57 9
57 32
57 10
57 19
57 45
57 33
57 33
57 0
57 14
57 27
57 4
57 20
57 0
57 32
58 24
58 49
58 0
58 7
58 38
58 0
58 33
58 14
58 43
58 38
58 21
58 19
58 1
58 22
58 27
58 33
58 43
58 24
58 13
58 24
58 3
58 19
58 38
58 1
58 45
58 0
58 18
58 1
58 12
58 22
58 21
58 8
58 35
58 9
58 3
58 13
58 2
59 32
59 22
59 20
59 20
59 19
59 22
59 10
59 14
59 19
59 19
59 12
59 24
59 2
59 33
59 35
59 2
59 24
59 19
59 3
59 19
59 19
59 12
59 12
59 13
59 21
59 37
59 33
59 37
59 13
59 0
59 23
59 24
59 12
59 1
59 2
59 8
59 4
59 45
59 18
60 9
60 22
60 38
60 39
60 7
60 9
60 10
60 9
60 13
60 4
60 25
60 7
60 19
60 22
60 38
60 24
60 1
60 9
60 12
60 24
60 26
60 22
60 13
60 0
60 5
60 24
60 1
60 21
60 10
60 7
60 1
60 14
60 39
60 0
60 1
60 33
60 10
60 2
60 22
60 2
60 14
60 19
60 12
60 1
60 0
61 38
61 14
61 2
61 20
61 0
61 36
61 19
61 13
61 19
61 31
61 3
61 27
61 2
61 22
61 41
61 16
61 1
61 37
61 19
61 2
61 24
61 9
61 25
61 16
61 10
61 32
61 19
61 19
61 8
61 11
61 20
61 32
61 10
61 1
61 31
61 33
61 13
61 19
61 0
61 27
62 2
62 9
62 1
62 12
62 24
62 2
62 28
62 33
62 41
62 2
62 19
62 1
62 20
62 20
62 31
62 4
62 21
62 43
62 35
62 24
62 9
62 33
62 13
62 22
62 2
62 19
62 13
62 1
62 32
62 0
62 14
62 31
62 35
63 33
63 42
63 37
63 8
63 19
63 0
63 0
63 27
63 22
63 24
63 32
63 37
63 2
63 32
63 33
63 2
63 19
63 33
63 24
63 8
63 33
63 19
63 2
63 18
63 28
63 19
63 31
63 22
63 19
63 36
63 33
63 49
63 0
63 43
63 2
63 9
63 14
64 33
64 21
64 3
64 24
64 45
64 14
64 27
64 20
64 10
64 5
64 18
64 31
64 5
64 2
64 19
64 4
64 24
64 8
64 2
64 19
64 37
64 24
64 2
64 3
64 35
64 24
64 16
64 0
64 31
64 3
64 20
64 23
64 6
64 33
64 22
65 19
65 25
65 2
65 22
65 0
65 4
65 49
65 43
65 24
65 46
65 41
65 3
65 2
65 32
65 13
65 0
65 19
65 35
65 12
65 14
65 4
65 22
65 4
65 33
65 25
65 8
65 35
65 24
65 47
65 33
65 12
65 14
65 43
65 11
65 21
65 27
66 39
66 2
66 21
66 22
66 10
66 10
66 9
66 12
66 24
66 22
66 21
66 7
66 37
66 2
66 7
66 13
66 38
66 19
66 9
66 10
66 27
66 31
66 36
66 24
66 38
66 32
66 15
66 39
66 13
66 33
66 2
66 19
66 4
66 25
66 16
66 10
67 24
67 8
67 10
67 27
67 32
67 10
67 12
67 1
67 4
67 3
67 21
67 24
67 12
67 24
67 11
67 8
67 0
67 27
67 38
67 19
67 38
67 13
67 18
67 39
67 27
67 2
67 37
67 45
67 33
67 0
67 19
67 31
67 13
67 38
67 24
67 41
68 1
68 33
68 39
68 33
68 24
68 12
68 12
68 13
68 37
68 38
68 8
68 45
68 3
68 14
68 22
68 38
68 35
68 1
68 41
68 11
68 4
68 37
68 35
68 13
68 38
68 4
68 38
68 27
68 25
68 38
68 10
68 12
68 33
68 31
68 10
68 0
68 2
68 9
68 12
68 32
68 32
68 45
69 41
69 14
69 22
69 38
69 1
69 38
69 26
69 19
69 14
69 23
69 3
69 27
69 24
69 37
69 38
69 31
69 37
69 18
69 8
69 19
69 2
69 38
69 33
69 19
69 43
69 2
69 22
69 10
69 9
69 28
69 23
69 31
69 38
69 38
69 38
69 0
69 12
69 5
69 19
69 19
70 7
70 27
70 0
70 24
70 19
70 0
70 24
70 14
70 3
70 16
70 12
70 38
70 32
70 2
70 7
70 39
70 19
70 10
70 0
70 38
70 21
70 11
70 38
70 21
70 43
70 4
70 33
70 32
70 7
70 11
70 38
70 20
70 32
70 20
70 38
70 0
70 10
70 21
70 8
71 9
71 23
71 1
71 10
71 24
71 9
71 25
71 31
71 12
71 35
71 12
71 3
71 19
71 33
71 10
71 0
71 30
71 46
71 13
71 2
71 2
71 0
71 2
71 22
71 4
71 20
71 22
71 1
71 24
71 9
71 37
71 35
71 19
72 31
72 20
72 4
72 2
72 38
72 33
72 20
72 2
72 45
72 24
72 19
72 16
72 8
72 38
72 1
72 33
72 16
72 38
72 13
72 16
72 4
72 24
72 16
72 37
72 24
72 46
72 32
72 11
72 0
72 31
72 13
73 0
73 0
73 27
73 16
73 0
73 24
73 20
73 22
73 2
73 24
73 12
73 0
73 4
73 32
73 2
73 27
73 4
73 19
73 32
73 32
73 45
73 10
73 13
73 35
73 24
73 20
73 20
73 19
73 33
73 24
73 19
73 38
73 39
73 4
73 32
74 0
74 10
74 32
74 32
74 1
74 24
74 45
74 32
74 40
74 32
74 21
74 13
74 32
74 31
74 19
74 22
74 14
74 18
74 31
74 25
74 19
74 10
74 9
74 38
74 4
74 33
74 12
74 8
74 28
75 2
75 27
75 8
75 35
75 8
75 22
75 25
75 19
75 22
75 28
75 19
75 3
75 20
75 37
75 27
75 21
75 10
75 13
75 39
75 7
75 33
75 2
76 14
76 15
76 21
76 2
76 32
76 9
76 4
76 12
76 10
76 20
76 21
76 21
76 2
76 1
76 40
76 43
76 24
76 27
76 10
76 27
76 22
76 19
76 10
76 33
77 2
77 49
77 16
77 12
77 37
77 8
77 21
77 24
77 1
77 19
77 38
77 2
77 8
77 0
77 2
77 15
77 12
77 35
77 24
77 0
77 35
77 10
77 46
77 35
77 5
77 33
77 2
77 20
77 2
78 22
78 16
78 48
78 22
78 2
78 13
78 2
78 45
78 4
78 3
78 3
78 25
78 33
78 3
78 21
78 22
78 31
78 33
78 3
78 10
78 37
78 3
79 14
79 9
79 0
79 21
79 14
79 22
79 3
79 23
79 31
79 0
79 27
79 19
79 27
79 33
79 10
79 0
79 13
79 12
79 0
79 4
79 48
79 1
80 20
80 31
80 12
80 27
80 3
80 12
80 20
80 14
80 17
80 25
80 19
80 38
80 33
80 12
80 45
80 21
80 19
80 14
80 33
80 33
80 3
81 12
81 41
81 30
81 19
81 19
81 3
84 41
84 4
84 10
84 32
84 40
84 39
84 31
84 21
84 38
84 26
84 43
84 43
84 8
84 20
84 21
84 5
84 10
84 10
84 2
84 18
84 45
84 21
84 10
84 19
84 8
84 27
84 31
84 31
84 7
85 32
85 32
85 31
85 4
85 12
85 31
85 19
85 38
85 10
85 12
85 38
85 39
85 16
85 9
85 1
85 11
86 22
86 25
86 15
86 0
86 10
86 32
86 2
86 12
86 5
86 32
86 32
86 19
86 2
86 35
86 27
86 0
86 39
87 4
87 33
87 12
87 14
87 2
87 8
87 10
87 13
87 5
87 37
88 10
88 7
88 9
88 31
88 14
88 21
88 19
88 9
88 3
88 21
88 24
88 22
88 31
88 11
89 0
89 40
89 22
89 3
89 27
89 22
89 4
89 12
89 35
89 39
89 8
89 32
89 21
90 32
90 25
90 16
90 22
90 35
90 37
90 8
90 22
90 21
90 16
90 32
90 3
90 45
90 10
90 38
90 37
90 16
91 39
91 32
91 31
91 10
91 19
91 0
91 27
91 8
91 10
91 2
91 16
91 8
91 37
91 10
92 24
92 0
92 21
92 24
92 32
92 22
92 38
92 0
92 9
92 21
92 10
92 10
92 21
93 17
93 12
93 21
93 10
93 12
93 49
93 4
93 24
93 12
93 19
93 28
94 22
94 16
94 9
94 2
94 10
94 0
94 3
94 10
94 13
94 46
94 31
94 14
95 2
95 31
95 39
95 0
95 16
95 2
95 22
95 10
95 10
95 7
95 39
95 9
95 22
95 10
95 22
96 32
96 9
96 9
96 12
96 8
96 10
96 23
96 21
97 39
97 10
97 40
97 38
97 32
97 19
97 32
97 18
97 10
97 0
97 18
97 3
97 0
97 22
97 10
98 45
98 0
98 0
98 24
98 31
98 3
98 24
98 8
98 32
98 0
98 16
98 11
98 31
98 13
99 10
99 35
99 32
99 24
99 10
99 32
99 10
99 24
99 24
99 8
99 43
99 16
99 32
100 37
100 22
100 10
100 24
100 35
100 8
100 10
100 38
100 0
100 10
100 43
100 10
100 24
100 24
101 39
101 18
101 20
101 8
101 12
101 39
101 32
101 31
101 0
101 13
102 39
102 10
102 45
102 33
102 21
102 24
102 21
102 39
102 31
102 16
102 27
102 21
102 31
102 38
102 16
102 19
102 38
103 22
103 4
103 0
103 39
103 12
103 31
103 8
103 37
103 17
103 10
103 10
103 21
103 22
103 19
103 17
103 0
104 27
104 13
104 0
104 39
104 8
104 0
104 0
104 32
104 37
104 39
104 27
104 0
104 8
104 40
104 13
104 3
104 40
104 10
105 8
105 17
105 13
105 10
105 32
105 39
105 0
105 13
105 12
105 0
105 19
105 38
105 32
105 24
106 37
106 8
106 31
106 39
106 39
106 31
106 8
106 10
106 8
106 21
106 19
106 31
106 8
106 21
106 0
106 3
106 10
106 35
106 39
106 19
106 39
106 10
106 0
106 31
107 0
107 19
107 38
107 10
107 0
107 31
107 39
107 19
107 37
107 37
107 8
107 24
107 7
108 9
108 0
108 23
108 35
108 0
108 32
108 39
108 0
108 6
108 40
108 22
108 39
109 22
109 24
109 32
109 8
109 6
109 40
109 22
109 0
109 2
110 38
110 31
110 8
110 25
110 0
110 12
110 13
110 12
111 39
111 38
111 6
111 12
111 22
111 2
111 8
112 38
112 33
112 3
112 45
112 38
112 39
112 8
113 24
113 39
113 35
113 24
113 39
113 11
113 0
113 33
113 43
114 45
114 24
114 8
114 40
114 32
115 16
115 16
115 6
116 18
116 48
116 38
116 19
116 24
116 32
116 10
117 8
117 0
117 17
117 2
117 21
118 11
118 8
118 10
118 2
118 0
118 38
119 18
119 10
119 25
119 21
119 24
120 12
120 0
120 45
120 3
120 0
120 24
120 46
121 10
121 22
121 10
121 22
121 19
122 16
122 11
122 2
122 8
122 13
123 11
124 32
124 8
124 31
125 0
125 32
126 22
126 38
126 10
126 12
126 16
127 16
127 39
127 5
127 2
127 10
127 41
128 12
128 12
128 12
128 10
128 16
129 11
130 41
130 12
130 21
130 18
131 2
131 37
131 0
131 27
131 4
132 15
132 7
132 9
132 32
132 15
133 4
133 21
133 4
134 38
134 27
134 8
134 45
134 40
134 35
135 38
135 38
135 37
135 38
135 35
135 42
135 24
136 2
136 4
136 24
136 0
136 13
136 37
136 12
136 10
137 21
137 9
137 4
137 19
138 37
138 27
138 43
138 5
138 28
138 7
139 8
139 22
139 0
139 26
139 32
139 9
140 21
140 10
140 0
140 3
140 18
140 35
141 27
141 43
141 7
141 13
141 10
141 12
142 45
142 22
142 4
142 31
142 14
142 12
143 45
143 18
143 20
143 37
144 13
144 27
144 6
144 5
144 9
145 41
145 46
145 40
145 27
145 46
145 4
145 35
146 32
146 4
146 21
146 19
146 21
146 16
146 12
147 20
147 27
147 22
147 4
147 48
147 45
147 25
148 12
148 8
148 22
148 19
148 20
148 32
149 25
149 18
149 23
149 33
149 16
149 22
149 3
149 45
149 16
149 13
150 25
150 27
150 3
150 18
150 10
150 0
151 4
151 12
151 18
151 36
151 41
151 35
151 27
151 43
151 32
152 8
152 5
152 48
152 27
152 38
152 14
152 25
152 12
152 43
152 43
153 18
153 43
153 0
153 9
153 7
153 38
153 24
153 27
153 45
153 4
153 19
154 3
154 43
154 14
154 20
154 22
154 4
154 20
154 16
154 9
155 18
155 7
155 20
155 25
155 8
155 46
155 37
155 4
156 32
156 37
156 32
156 9
156 9
156 7
156 3
156 43
156 0
156 7
157 18
157 14
157 4
157 31
157 43
157 39
157 37
157 9
157 3
157 25
157 31
158 43
158 27
158 8
158 43
158 27
158 31
158 5
158 9
158 39
158 4
159 27
159 10
159 4
159 31
159 22
159 43
159 37
159 0
159 4
159 8
160 46
160 35
160 25
160 16
160 0
160 37
160 4
160 37
160 43
160 28
160 22
160 3
160 27
161 37
161 12
161 13
161 35
161 37
161 4
161 39
161 15
161 12
161 43
161 7
162 18
162 18
162 38
162 18
162 46
162 13
162 37
162 27
162 16
162 27
162 48
162 27
162 10
163 3
163 18
163 4
163 10
163 24
163 13
163 39
163 4
163 27
163 39
163 16
163 4
163 3
163 3
163 25
163 3
163 10
164 27
164 31
164 43
164 4
164 37
164 16
164 4
164 16
164 22
164 20
164 12
165 12
165 33
165 2
165 25
165 27
165 32
165 4
165 8
165 5
165 15
165 46
165 0
166 46
166 0
166 3
166 22
166 7
166 27
166 33
166 37
166 18
166 1
166 20
166 13
166 10
166 5
166 13
166 41
166 5
166 15
166 24
166 37
167 27
167 25
167 9
167 22
167 41
167 5
167 37
167 16
167 5
167 27
167 16
167 35
167 43
167 9
167 46
168 11
168 27
168 32
168 16
168 19
168 18
168 5
168 8
168 31
168 43
168 43
168 10
168 11
168 32
168 27
168 32
168 22
168 9
168 9
169 43
169 0
169 27
169 12
169 35
169 4
169 8
169 35
169 12
169 10
169 16
169 3
169 28
169 11
169 16
169 32
169 19
169 37
169 37
170 4
170 0
170 12
170 24
170 32
170 12
170 20
170 2
170 10
170 12
170 40
170 23
170 20
170 24
170 16
170 20
170 18
170 13
170 40
170 13
170 32
170 5
170 43
170 36
171 10
171 42
171 32
171 4
171 16
171 2
171 27
171 25
171 25
171 0
171 14
171 13
171 43
171 3
171 20
171 4
171 20
171 46
171 22
171 43
171 21
171 4
171 10
172 3
172 18
172 31
172 43
172 2
172 32
172 38
172 2
172 16
172 10
172 32
172 32
172 46
172 12
172 13
172 19
172 3
172 16
172 32
172 46
172 37
172 14
172 21
172 33
172 9
173 49
173 27
173 19
173 14
173 43
173 43
173 43
173 43
173 25
173 48
173 2
173 7
173 43
173 43
173 39
173 17
173 2
173 21
173 4
173 38
173 12
173 18
173 9
173 6
173 9
174 24
174 9
174 40
174 18
174 12
174 4
174 4
174 21
174 2
174 32
174 8
174 28
174 7
174 25
174 18
174 4
174 12
174 22
174 11
174 2
174 19
174 27
174 24
174 7
174 43
174 46
174 4
174 9
174 41
174 5
175 20
175 11
175 19
175 43
175 37
175 39
175 19
175 32
175 32
175 25
175 45
175 38
175 31
175 12
175 22
175 23
175 32
175 20
175 25
175 5
175 13
175 40
175 21
175 39
175 13
175 20
175 8
175 20
175 35
175 22
175 20
175 4
175 0
176 38
176 48
176 39
176 31
176 35
176 32
176 7
176 24
176 22
176 25
176 20
176 49
176 2
176 9
176 25
176 13
176 7
176 43
176 19
176 20
176 41
176 23
176 16
176 13
176 35
176 22
176 16
176 3
176 8
176 4
176 12
176 20
176 32
176 35
176 4
176 43
177 4
177 19
177 25
177 1
177 9
177 12
177 16
177 32
177 37
177 19
177 9
177 46
177 38
177 25
177 4
177 25
177 15
177 9
177 19
177 12
177 16
177 9
177 10
177 4
177 19
178 31
178 20
178 7
178 37
178 4
178 20
178 12
178 24
178 20
178 3
178 33
178 0
178 33
178 11
178 19
178 33
178 27
178 19
178 12
178 25
178 19
178 8
178 25
178 43
178 13
178 1
178 38
178 4
178 10
178 29
178 39
179 32
179 22
179 22
179 24
179 15
179 36
179 8
179 35
179 17
179 12
179 46
179 32
179 21
179 13
179 16
179 37
179 11
179 41
179 8
179 20
179 17
179 9
179 45
179 48
179 14
179 14
179 2
179 18
179 17
179 45
179 35
179 24
179 13
180 24
180 31
180 12
180 42
180 0
180 20
180 7
180 8
180 10
180 4
180 9
180 4
180 27
180 1
180 43
180 20
180 9
180 11
180 12
180 4
180 20
180 35
180 33
180 37
180 20
180 15
180 33
180 24
180 11
180 14
180 22
180 19
180 33
180 4
180 4
180 4
180 38
181 31
181 37
181 38
181 46
181 18
181 43
181 5
181 46
181 27
181 33
181 2
181 2
181 35
181 32
181 48
181 12
181 12
181 32
181 7
181 19
181 31
181 13
181 24
181 19
181 12
181 33
181 37
181 8
181 7
181 22
181 37
181 15
182 35
182 22
182 5
182 11
182 16
182 1
182 3
182 31
182 2
182 33
182 37
182 10
182 14
182 37
182 10
182 41
182 0
182 20
182 36
182 3
182 7
182 20
182 7
182 13
182 4
182 12
182 22
182 9
182 9
182 9
183 22
183 20
183 14
183 1
183 22
183 7
183 4
183 22
183 16
183 23
183 14
183 24
183 4
183 33
183 18
183 4
183 20
183 22
183 37
183 22
183 43
183 20
183 43
183 8
183 2
183 43
183 27
183 9
183 35
183 5
183 27
183 13
183 15
183 22
183 22
183 24
183 32
184 2
184 7
184 5
184 19
184 27
184 32
184 0
184 13
184 13
184 32
184 43
184 5
184 43
184 2
184 27
184 43
184 5
184 7
184 14
184 4
184 9
184 0
184 4
184 22
184 31
184 9
184 38
184 23
184 16
184 14
184 23
184 4
184 2
184 41
184 18
185 13
185 3
185 43
185 32
185 9
185 33
185 4
185 2
185 14
185 22
185 12
185 9
185 43
185 22
185 32
185 18
185 17
185 0
185 1
185 19
185 24
185 32
185 10
185 48
185 20
185 24
185 43
185 41
185 2
185 12
185 48
185 13
185 14
185 43
185 9
185 10
185 1
185 4
185 0
186 9
186 38
186 38
186 33
186 43
186 30
186 38
186 22
186 46
186 32
186 6
186 6
186 4
186 41
186 28
186 32
186 4
186 8
186 13
186 19
186 7
186 20
186 25
186 20
186 43
186 18
186 32
186 9
186 5
186 4
186 31
186 4
186 25
186 14
186 48
186 13
187 3
187 1
187 4
187 12
187 19
187 11
187 25
187 22
187 16
187 3
187 21
187 22
187 8
187 2
187 32
187 1
187 32
187 43
187 1
187 39
187 35
187 20
187 38
187 43
187 37
187 9
187 43
187 9
187 38
187 22
187 36
187 11
187 19
187 10
187 39
187 20
188 23
188 16
188 21
188 11
188 25
188 2
188 18
188 25
188 9
188 16
188 43
188 2
188 9
188 3
188 1
188 42
188 45
188 39
188 40
188 4
188 24
188 38
188 1
188 1
188 2
188 43
188 21
188 31
188 9
188 14
188 22
188 43
188 8
188 27
189 0
189 30
189 22
189 19
189 22
189 37
189 23
189 32
189 27
189 12
189 8
189 35
189 38
189 32
189 2
189 41
189 33
189 20
189 2
189 0
189 4
189 33
189 9
189 0
189 12
189 13
189 25
189 43
189 10
189 9
189 20
189 0
189 17
189 14
189 19
189 4
189 20
190 4
190 12
190 1
190 4
190 20
190 41
190 33
190 25
190 32
190 14
190 22
190 31
190 32
190 9
190 9
190 2
190 22
190 38
190 32
190 2
190 27
190 35
190 9
190 49
190 33
190 4
190 23
190 9
190 4
190 37
190 22
191 37
191 35
191 21
191 22
191 37
191 2
191 37
191 24
191 43
191 43
191 22
191 32
191 40
191 3
191 36
191 2
191 27
191 38
191 16
191 2
191 20
191 24
191 13
191 33
191 20
191 14
191 9
191 28
191 26
191 31
191 19
191 1
191 25
191 5
191 35
191 1
192 31
192 49
192 27
192 1
192 32
192 1
192 12
192 32
192 38
192 13
192 5
192 9
192 31
192 27
192 1
192 13
192 9
192 21
192 45
192 26
192 20
192 31
192 0
192 4
192 13
192 10
192 9
192 24
192 4
192 38
192 19
192 12
192 10
192 4
192 13
192 9
192 20
192 37
192 4
192 12
193 49
193 1
193 27
193 16
193 2
193 24
193 7
193 23
193 25
193 8
193 9
193 22
193 40
193 45
193 4
193 1
193 37
193 13
193 22
193 27
193 31
193 24
193 8
193 12
193 27
193 12
193 3
193 2
193 28
193 46
194 9
194 20
194 22
194 2
194 14
194 38
194 9
194 49
194 33
194 8
194 1
194 33
194 22
194 38
194 27
194 4
194 7
194 13
194 2
194 4
194 5
194 1
194 22
194 48
194 28
194 21
194 31
194 21
194 27
194 26
194 32
194 2
194 7
194 3
195 9
195 9
195 13
195 25
195 2
195 35
195 43
195 22
195 24
195 0
195 9
195 2
195 12
195 20
195 43
195 13
195 10
195 12
195 9
195 2
195 12
195 33
195 19
195 1
195 1
195 9
195 41
195 38
195 37
195 5
195 31
196 43
196 32
196 32
196 3
196 17
196 22
196 8
196 21
196 24
196 9
196 16
196 27
196 37
196 4
196 16
196 3
196 1
196 16
196 32
196 7
196 2
196 2
196 31
196 13
196 16
196 17
197 19
197 49
197 10
197 18
197 2
197 25
197 33
197 14
197 38
197 33
197 5
197 35
197 0
197 9
197 19
197 43
197 37
197 2
197 2
197 9
197 25
197 6
197 1
197 11
197 3
197 43
197 16
197 4
197 10
198 2
198 7
198 4
198 19
198 9
198 8
198 39
198 3
198 2
198 17
198 43
198 27
198 4
198 32
198 31
198 33
198 38
198 9
198 20
198 3
198 20
198 41
198 4
198 24
198 14
198 43
198 14
198 2
199 19
199 43
199 39
199 22
199 33
199 21
199 20
199 14
199 0
199 2
199 16
199 20
199 9
199 21
199 32
199 2
199 22
199 4
199 33
199 31
199 11
199 12
199 12
199 19
199 26
199 14
199 35
199 11
199 13
199 1
199 11
199 22
199 24
200 2
200 19
200 17
200 24
200 2
200 9
200 31
200 31
200 32
200 14
200 43
200 24
200 33
200 19
200 21
200 5
200 8
200 13
200 7
200 12
200 0
200 4
200 13
200 37
200 22
201 45
201 8
201 9
201 43
201 14
201 24
201 2
201 19
201 19
201 19
201 9
201 37
201 4
201 10
201 21
201 19
201 1
201 13
201 14
201 32
201 27
201 43
201 32
201 43
201 16
201 21
201 13
201 0
202 31
202 26
202 12
202 9
202 20
202 19
202 2
202 22
202 33
202 40
202 49
202 31
202 9
202 2
202 24
202 9
202 2
202 43
202 2
202 9
202 14
202 4
202 31
202 7
202 25
202 37
202 24
202 7
202 5
202 22
202 22
202 16
203 20
203 18
203 19
203 33
203 20
203 40
203 18
203 5
203 12
203 19
203 2
203 25
203 18
203 31
203 1
203 4
203 2
203 37
203 8
203 46
203 22
203 9
203 19
203 9
203 35
203 45
203 8
204 19
204 19
204 16
204 24
204 6
204 17
204 9
204 12
204 4
204 9
204 2
204 0
204 43
204 22
204 43
204 27
204 36
204 49
204 37
204 12
204 12
204 38
205 33
205 1
205 39
205 30
205 33
205 41
205 9
205 12
205 19
205 15
205 32
205 22
205 14
205 18
205 1
205 24
205 39
205 19
205 25
205 10
205 1
205 31
205 32
205 22
205 7
205 32
205 37
205 19
206 25
206 12
206 16
206 1
206 1
206 27
206 13
206 24
206 33
206 12
206 0
206 12
206 25
206 33
206 2
206 23
206 15
206 1
206 7
206 33
206 12
206 27
206 49
206 9
206 37
206 9
206 22
207 24
207 46
207 4
207 16
207 22
207 6
207 8
207 40
207 2
207 18
207 2
207 2
207 9
207 0
207 31
207 7
207 4
207 22
207 38
207 43
207 2
208 41
208 1
208 37
208 32
208 18
208 19
208 8
208 35
208 46
208 37
208 11
208 24
208 7
208 38
208 41
208 43
208 12
208 28
208 7
208 13
208 22
208 22
208 33
208 25
208 39
208 36
208 33
208 21
208 1
208 1
208 22
209 48
209 27
209 33
209 4
209 5
209 16
209 25
209 43
209 1
209 2
209 22
209 22
209 0
209 3
209 37
209 1
209 15
209 38
209 10
209 35
209 20
209 24
209 12
209 13
209 36
209 33
209 25
209 20
210 19
210 2
210 35
210 18
210 37
210 4
210 10
210 20
210 1
210 12
210 24
210 38
210 31
210 22
210 33
210 37
210 6
210 31
210 25
210 8
210 36
210 1
210 41
210 4
210 12
210 26
211 7
211 20
211 2
211 5
211 19
211 19
211 19
211 25
211 3
211 38
211 22
211 9
211 19
211 43
211 18
211 16
211 0
211 33
211 9
211 2
211 45
211 1
211 32
211 48
211 19
211 20
211 14
211 1
212 9
212 19
212 38
212 41
212 20
212 2
212 35
212 16
212 25
212 25
212 49
212 31
212 1
212 17
212 2
212 43
212 12
212 12
212 17
212 35
212 46
212 31
212 22
212 22
212 7
212 35
212 46
213 32
213 20
213 37
213 11
213 12
213 1
213 38
213 33
213 1
213 46
213 37
213 28
213 22
213 32
213 46
213 1
213 24
213 33
213 19
213 2
213 2
213 1
213 13
213 1
214 37
214 27
214 12
214 7
214 33
214 1
214 33
214 19
214 19
214 15
214 35
214 4
214 30
214 7
214 2
214 18
214 2
214 1
214 14
214 7
214 4
215 46
215 38
215 5
215 4
215 12
215 0
215 13
215 39
215 8
215 18
215 19
215 2
215 2
215 1
215 23
215 19
215 24
215 38
215 20
215 39
215 8
215 4
215 20
216 2
216 27
216 49
216 25
216 3
216 12
216 25
216 4
216 35
216 4
216 43
216 1
216 24
216 38
216 43
216 20
216 21
216 43
216 24
216 9
216 25
216 32
217 49
217 33
217 10
217 9
217 19
217 2
217 22
217 12
217 35
217 9
217 19
217 2
217 12
217 3
217 1
217 32
217 32
217 49
217 27
217 33
217 40
217 18
217 49
217 25
217 39
218 1
218 1
218 12
218 16
218 21
218 4
218 3
218 15
218 49
218 38
218 2
218 28
218 33
218 33
218 20
218 38
218 22
218 2
218 2
218 27
218 1
218 7
218 40
218 38
218 6
218 21
219 16
219 19
219 4
219 1
219 14
219 2
219 21
219 18
219 16
219 4
219 38
219 3
219 35
219 25
219 24
219 1
219 22
219 41
219 22
219 24
219 25
219 37
219 35
219 43
219 16
219 43
220 27
220 8
220 33
220 21
220 1
220 1
220 18
220 5
220 45
220 38
220 49
220 19
220 26
220 37
220 18
220 46
220 13
220 20
220 12
220 7
220 0
220 8
220 1
220 23
220 19
220 14
220 12
220 2
220 10
220 1
220 4
221 6
221 35
221 22
221 1
221 4
221 18
221 12
221 10
221 33
221 49
221 18
221 20
221 7
221 38
221 16
221 2
221 24
221 18
221 25
221 10
221 5
221 21
221 21
221 24
222 14
222 10
222 1
222 19
222 25
222 25
222 32
222 20
222 37
222 2
222 12
222 15
222 19
222 9
222 33
222 38
222 20
222 49
222 43
222 6
222 9
222 2
222 10
222 1
222 23
222 36
222 20
222 2
223 37
223 40
223 21
223 11
223 24
223 45
223 33
223 13
223 1
223 25
223 22
223 12
223 25
223 20
223 2
223 2
223 0
223 20
223 22
223 38
223 22
223 20
223 24
223 22
223 23
224 49
224 16
224 43
224 35
224 33
224 4
224 32
224 6
224 0
224 0
224 14
224 32
224 36
224 12
224 20
224 20
224 49
224 20
224 12
224 12
224 41
224 4
224 25
224 12
224 33
224 37
225 3
225 1
225 43
225 31
225 22
225 32
225 43
225 2
225 14
225 35
225 1
225 1
225 22
225 19
225 24
225 8
225 43
225 19
225 1
225 2
225 24
225 25
225 11
225 19
226 3
226 25
226 18
226 23
226 32
226 38
226 37
226 1
226 10
226 2
226 2
226 4
226 9
226 33
226 2
226 27
226 2
226 14
226 9
226 24
226 25
226 1
226 33
226 45
226 18
226 28
227 10
227 2
227 20
227 13
227 33
227 3
227 3
227 20
227 40
227 23
227 32
227 3
227 19
227 1
227 11
227 5
227 14
227 7
227 24
227 11
227 24
227 25
227 22
227 14
227 43
227 3
227 38
227 49
227 38
227 29
227 2
227 35
227 28
227 12
228 19
228 27
228 1
228 12
228 25
228 38
228 11
228 28
228 11
228 43
228 38
228 2
228 33
228 19
228 33
228 10
228 9
228 25
228 5
228 1
228 1
228 25
228 21
228 28
228 31
228 33
228 24
228 1
229 25
229 19
229 20
229 24
229 12
229 33
229 19
229 2
229 33
229 41
229 32
229 1
229 9
229 0
229 12
229 24
229 33
229 4
229 2
229 27
229 36
229 25
229 25
229 28
229 10
229 19
230 36
230 1
230 6
230 21
230 1
230 12
230 16
230 31
230 24
230 10
230 35
230 23
230 28
230 1
230 22
230 3
230 1
230 20
230 13
230 1
230 19
230 1
230 31
230 43
230 43
230 11
231 33
231 1
231 3
231 2
231 1
231 24
231 30
231 19
231 25
231 0
231 9
231 16
231 1
231 9
231 28
231 15
231 35
231 1
231 22
231 35
231 32
231 41
231 35
231 1
231 2
231 0
231 11
231 12
232 8
232 33
232 6
232 10
232 2
232 20
232 13
232 16
232 19
232 1
232 22
232 43
232 22
232 31
232 1
232 39
232 24
232 4
232 11
232 3
232 19
232 4
232 19
232 33
232 1
232 16
233 32
233 32
233 11
233 43
233 26
233 24
233 26
233 38
233 11
233 14
233 40
233 2
233 20
233 22
233 1
233 25
233 24
233 19
233 21
233 2
233 24
233 32
234 1
234 19
234 28
234 11
234 43
234 20
234 24
234 33
234 33
234 14
234 2
234 24
234 11
234 4
234 16
234 12
234 19
234 38
234 14
234 1
234 3
234 9
234 44
234 18
235 39
235 19
235 24
235 2
235 5
235 1
235 27
235 31
235 22
235 28
235 20
235 9
235 14
235 2
235 49
235 35
235 3
235 2
235 24
235 3
235 13
235 1
235 9
235 32
235 33
236 2
236 33
236 20
236 31
236 19
236 5
236 19
236 33
236 24
236 6
236 24
236 37
236 20
236 13
236 12
236 11
236 2
236 37
236 14
236 2
236 20
236 1
236 14
236 19
236 22
236 2
236 24
236 2
236 2
236 2
236 19
236 20
236 33
236 11
237 33
237 48
237 33
237 45
237 24
237 1
237 0
237 0
237 22
237 10
237 2
237 35
237 20
237 2
237 22
237 25
237 1
237 19
237 18
237 45
237 27
237 28
237 4
237 35
237 8
237 4
237 38
238 35
238 46
238 5
238 13
238 25
238 20
238 1
238 16
238 22
238 13
238 15
238 2
238 37
238 10
238 22
238 24
238 24
238 19
238 1
238 28
238 18
238 2
238 43
238 22
238 22
238 16
238 5
239 37
239 38
239 19
239 20
239 49
239 28
239 25
239 24
239 19
239 45
239 19
239 4
239 1
239 4
239 1
239 19
239 21
239 25
239 24
239 1
239 8
239 32
239 2
239 46
239 24
239 1
239 12
239 11
239 37
