0 0 16
0 1 9
0 2 9
0 3 9
0 4 7
0 5 0
0 6 9
0 7 7
0 8 15
0 9 8
0 10 5
0 11 6
0 12 0
0 13 28
0 14 5
0 15 4
0 16 18
0 17 16
0 18 0
0 19 1
1 0 22
1 1 5
1 2 2
1 3 9
1 4 6
1 5 2
1 6 4
1 7 6
1 8 9
1 9 3
1 10 13
1 11 9
1 12 2
1 13 15
1 14 8
1 15 5
1 16 10
1 17 26
1 18 3
1 19 0
2 0 12
2 1 2
2 2 3
2 3 5
2 4 2
2 5 0
2 6 1
2 7 2
2 8 7
2 9 1
2 10 4
2 11 7
2 12 0
2 13 23
2 14 6
2 15 4
2 16 6
2 17 8
2 18 1
2 19 1
3 0 33
3 1 9
3 2 16
3 3 14
3 4 10
3 5 0
3 6 6
3 7 16
3 8 19
3 9 8
3 10 31
3 11 13
3 12 1
3 13 52
3 14 13
3 15 11
3 16 14
3 17 27
3 18 5
3 19 3
4 0 29
4 1 8
4 2 7
4 3 10
4 4 7
4 5 0
4 6 9
4 7 10
4 8 7
4 9 1
4 10 12
4 11 9
4 12 5
4 13 35
4 14 7
4 15 7
4 16 13
4 17 33
4 18 1
4 19 1
5 0 34
5 1 9
5 2 5
5 3 13
5 4 10
5 5 1
5 6 4
5 7 10
5 8 6
5 9 2
5 10 14
5 11 9
5 12 1
5 13 28
5 14 7
5 15 3
5 16 11
5 17 14
5 18 0
5 19 4
6 0 14
6 1 6
6 2 8
6 3 4
6 4 3
6 5 1
6 6 3
6 7 5
6 8 12
6 9 1
6 10 4
6 11 5
6 12 1
6 13 23
6 14 2
6 15 3
6 16 4
6 17 13
6 18 0
6 19 1
7 0 8
7 1 9
7 2 6
7 3 5
7 4 3
7 5 0
7 6 2
7 7 5
7 8 2
7 9 0
7 10 2
7 11 5
7 12 0
7 13 25
7 14 5
7 15 2
7 16 6
7 17 12
7 18 1
7 19 0
8 0 16
8 1 6
8 2 6
8 3 6
8 4 1
8 5 0
8 6 4
8 7 2
8 8 3
8 9 1
8 10 4
8 11 6
8 12 0
8 13 19
8 14 5
8 15 4
8 16 2
8 17 12
8 18 0
8 19 1
9 0 12
9 1 6
9 2 5
9 3 2
9 4 3
9 5 1
9 6 3
9 7 7
9 8 5
9 9 1
9 10 5
9 11 4
9 12 1
9 13 22
9 14 6
9 15 4
9 16 8
9 17 7
9 18 1
9 19 0
10 0 7
10 1 1
10 2 5
10 3 2
10 4 5
10 5 0
10 6 3
10 7 8
10 8 8
10 9 2
10 10 6
10 11 5
10 12 0
10 13 27
10 14 3
10 15 3
10 16 11
10 17 10
10 18 0
10 19 2
11 0 9
11 1 1
11 2 3
11 3 8
11 4 0
11 5 0
11 6 3
11 7 6
11 8 3
11 9 2
11 10 3
11 11 6
11 12 2
11 13 24
11 14 10
11 15 1
11 16 12
11 17 16
11 18 1
11 19 0
12 0 15
12 1 7
12 2 7
12 3 4
12 4 3
12 5 0
12 6 4
12 7 5
12 8 5
12 9 4
12 10 3
12 11 4
12 12 1
12 13 26
12 14 6
12 15 3
12 16 10
12 17 4
12 18 0
12 19 0
13 0 8
13 1 7
13 2 3
13 3 4
13 4 6
13 5 2
13 6 2
13 7 10
13 8 4
13 9 1
13 10 7
13 11 5
13 12 0
13 13 20
13 14 5
13 15 2
13 16 6
13 17 10
13 18 0
13 19 0
14 0 8
14 1 2
14 2 9
14 3 2
14 4 4
14 5 2
14 6 2
14 7 9
14 8 2
14 9 2
14 10 3
14 11 4
14 12 0
14 13 19
14 14 3
14 15 4
14 16 13
14 17 17
14 18 0
14 19 0
15 0 15
15 1 5
15 2 9
15 3 3
15 4 4
15 5 0
15 6 7
15 7 3
15 8 2
15 9 2
15 10 5
15 11 3
15 12 0
15 13 23
15 14 2
15 15 1
15 16 7
15 17 11
15 18 1
15 19 0
16 0 4
16 1 3
16 2 4
16 3 3
16 4 4
16 5 2
16 6 4
16 7 5
16 8 7
16 9 0
16 10 5
16 11 3
16 12 1
16 13 17
16 14 8
16 15 3
16 16 12
16 17 13
16 18 0
16 19 0
17 0 13
17 1 2
17 2 8
17 3 3
17 4 1
17 5 0
17 6 2
17 7 7
17 8 5
17 9 1
17 10 4
17 11 5
17 12 0
17 13 13
17 14 5
17 15 3
17 16 10
17 17 8
17 18 1
17 19 0
18 0 11
18 1 7
18 2 8
18 3 5
18 4 4
18 5 0
18 6 2
18 7 4
18 8 7
18 9 0
18 10 1
18 11 0
18 12 1
18 13 18
18 14 4
18 15 8
18 16 4
18 17 6
18 18 0
18 19 0
19 0 21
19 1 9
19 2 22
19 3 20
19 4 13
19 5 2
19 6 7
19 7 13
19 8 23
19 9 10
19 10 8
19 11 16
19 12 1
19 13 27
19 14 14
19 15 14
19 16 18
19 17 15
19 18 1
19 19 0
20 0 9
20 1 6
20 2 7
20 3 6
20 4 1
20 5 0
20 6 8
20 7 7
20 8 4
20 9 1
20 10 4
20 11 4
20 12 2
20 13 21
20 14 10
20 15 3
20 16 11
20 17 13
20 18 0
20 19 1
21 0 10
21 1 3
21 2 6
21 3 8
21 4 7
21 5 2
21 6 11
21 7 13
21 8 8
21 9 4
21 10 3
21 11 13
21 12 2
21 13 19
21 14 5
21 15 2
21 16 6
21 17 14
21 18 3
21 19 2
22 0 9
22 1 1
22 2 4
22 3 3
22 4 1
22 5 0
22 6 5
22 7 5
22 8 3
22 9 1
22 10 4
22 11 4
22 12 0
22 13 13
22 14 5
22 15 3
22 16 8
22 17 7
22 18 0
22 19 1
23 0 40
23 1 9
23 2 46
23 3 24
23 4 22
23 5 3
23 6 36
23 7 26
23 8 53
23 9 14
23 10 28
23 11 36
23 12 3
23 13 57
23 14 46
23 15 24
23 16 62
23 17 36
23 18 6
23 19 1
24 0 22
24 1 4
24 2 33
24 3 21
24 4 8
24 5 3
24 6 19
24 7 32
24 8 29
24 9 9
24 10 15
24 11 24
24 12 2
24 13 36
24 14 30
24 15 21
24 16 24
24 17 25
24 18 2
24 19 0
25 0 28
25 1 0
25 2 17
25 3 23
25 4 10
25 5 4
25 6 15
25 7 18
25 8 17
25 9 8
25 10 7
25 11 26
25 12 5
25 13 22
25 14 17
25 15 20
25 16 18
25 17 26
25 18 1
25 19 3
26 0 29
26 1 1
26 2 26
26 3 13
26 4 10
26 5 4
26 6 14
26 7 10
26 8 21
26 9 6
26 10 10
26 11 16
26 12 1
26 13 22
26 14 13
26 15 10
26 16 16
26 17 26
26 18 1
26 19 1
27 0 4
27 1 2
27 2 1
27 3 4
27 4 2
27 5 0
27 6 2
27 7 3
27 8 4
27 9 1
27 10 0
27 11 3
27 12 0
27 13 4
27 14 2
27 15 0
27 16 4
27 17 6
27 18 0
27 19 0
28 0 3
28 1 1
28 2 7
28 3 3
28 4 1
28 5 0
28 6 8
28 7 2
28 8 4
28 9 1
28 10 2
28 11 6
28 12 1
28 13 2
28 14 4
28 15 8
28 16 5
28 17 3
28 18 2
28 19 1
29 0 3
29 1 0
29 2 8
29 3 3
29 4 1
29 5 0
29 6 2
29 7 1
29 8 6
29 9 1
29 10 1
29 11 1
29 12 1
29 13 4
29 14 1
29 15 1
29 16 0
29 17 1
29 18 1
29 19 0
30 0 2
30 1 0
30 2 6
30 3 3
30 4 0
30 5 1
30 6 0
30 7 1
30 8 7
30 9 0
30 10 2
30 11 3
30 12 1
30 13 6
30 14 2
30 15 2
30 16 1
30 17 3
30 18 1
30 19 1
31 0 12
31 1 1
31 2 18
31 3 6
31 4 8
31 5 1
31 6 13
31 7 5
31 8 21
31 9 2
31 10 8
31 11 16
31 12 0
31 13 6
31 14 8
31 15 13
31 16 13
31 17 13
31 18 0
31 19 3
32 0 21
32 1 1
32 2 27
32 3 9
32 4 3
32 5 0
32 6 11
32 7 12
32 8 25
32 9 5
32 10 5
32 11 17
32 12 2
32 13 13
32 14 9
32 15 23
32 16 10
32 17 16
32 18 0
32 19 2
33 0 13
33 1 0
33 2 22
33 3 26
33 4 12
33 5 3
33 6 17
33 7 8
33 8 26
33 9 3
33 10 4
33 11 17
33 12 1
33 13 9
33 14 12
33 15 21
33 16 22
33 17 17
33 18 2
33 19 1
34 0 7
34 1 0
34 2 29
34 3 16
34 4 14
34 5 4
34 6 21
34 7 7
34 8 17
34 9 7
34 10 5
34 11 21
34 12 1
34 13 11
34 14 14
34 15 22
34 16 20
34 17 15
34 18 0
34 19 0
35 0 2
35 1 0
35 2 14
35 3 4
35 4 3
35 5 1
35 6 10
35 7 3
35 8 5
35 9 2
35 10 2
35 11 5
35 12 0
35 13 4
35 14 7
35 15 16
35 16 3
35 17 8
35 18 0
35 19 0
36 0 2
36 1 0
36 2 2
36 3 1
36 4 0
36 5 0
36 6 0
36 7 0
36 8 4
36 9 3
36 10 0
36 11 3
36 12 0
36 13 3
36 14 1
36 15 6
36 16 1
36 17 1
36 18 0
36 19 2
37 0 0
37 1 0
37 2 0
37 3 0
37 4 2
37 5 0
37 6 2
37 7 1
37 8 1
37 9 0
37 10 1
37 11 1
37 12 1
37 13 0
37 14 0
37 15 1
37 16 2
37 17 3
37 18 0
37 19 1
38 0 3
38 1 0
38 2 0
38 3 0
38 4 1
38 5 0
38 6 3
38 7 0
38 8 1
38 9 0
38 10 1
38 11 0
38 12 1
38 13 1
38 14 1
38 15 1
38 16 3
38 17 1
38 18 0
38 19 0
39 0 4
39 1 0
39 2 5
39 3 2
39 4 1
39 5 2
39 6 5
39 7 3
39 8 6
39 9 2
39 10 2
39 11 4
39 12 0
39 13 4
39 14 4
39 15 2
39 16 1
39 17 7
39 18 2
39 19 0
40 0 0
40 1 0
40 2 3
40 3 2
40 4 2
40 5 0
40 6 6
40 7 1
40 8 2
40 9 2
40 10 0
40 11 2
40 12 3
40 13 1
40 14 3
40 15 2
40 16 3
40 17 1
40 18 0
40 19 0
41 0 1
41 1 0
41 2 0
41 3 0
41 4 0
41 5 0
41 6 2
41 7 0
41 8 0
41 9 1
41 10 1
41 11 0
41 12 0
41 13 2
41 14 0
41 15 1
41 16 0
41 17 0
41 18 1
41 19 0
42 0 2
42 1 0
42 2 1
42 3 0
42 4 0
42 5 0
42 6 1
42 7 0
42 8 1
42 9 0
42 10 0
42 11 0
42 12 0
42 13 1
42 14 1
42 15 1
42 16 0
42 17 1
42 18 0
42 19 0
43 0 5
43 1 0
43 2 6
43 3 0
43 4 2
43 5 0
43 6 0
43 7 3
43 8 2
43 9 0
43 10 0
43 11 5
43 12 0
43 13 3
43 14 0
43 15 2
43 16 1
43 17 2
43 18 1
43 19 0
44 0 3
44 1 0
44 2 3
44 3 2
44 4 3
44 5 1
44 6 6
44 7 1
44 8 3
44 9 1
44 10 4
44 11 4
44 12 1
44 13 2
44 14 1
44 15 3
44 16 2
44 17 11
44 18 1
44 19 1
45 0 6
45 1 0
45 2 8
45 3 2
45 4 3
45 5 1
45 6 2
45 7 2
45 8 3
45 9 1
45 10 3
45 11 3
45 12 2
45 13 0
45 14 5
45 15 5
45 16 2
45 17 2
45 18 0
45 19 0
46 0 4
46 1 0
46 2 2
46 3 1
46 4 1
46 5 1
46 6 3
46 7 6
46 8 4
46 9 1
46 10 2
46 11 4
46 12 0
46 13 2
46 14 3
46 15 2
46 16 1
46 17 1
46 18 0
46 19 1
47 0 4
47 1 0
47 2 3
47 3 3
47 4 0
47 5 0
47 6 5
47 7 2
47 8 6
47 9 2
47 10 5
47 11 3
47 12 1
47 13 1
47 14 2
47 15 3
47 16 2
47 17 4
47 18 0
47 19 0
48 0 3
48 1 1
48 2 1
48 3 2
48 4 0
48 5 1
48 6 3
48 7 1
48 8 5
48 9 0
48 10 1
48 11 5
48 12 0
48 13 3
48 14 7
48 15 2
48 16 1
48 17 2
48 18 1
48 19 0
49 0 3
49 1 0
49 2 1
49 3 4
49 4 1
49 5 1
49 6 6
49 7 1
49 8 3
49 9 2
49 10 2
49 11 5
49 12 2
49 13 2
49 14 1
49 15 0
49 16 1
49 17 0
49 18 0
49 19 0
50 0 1
50 1 0
50 2 2
50 3 2
50 4 2
50 5 0
50 6 5
50 7 5
50 8 3
50 9 0
50 10 0
50 11 1
50 12 0
50 13 1
50 14 5
50 15 4
50 16 3
50 17 2
50 18 0
50 19 1
51 0 3
51 1 1
51 2 3
51 3 6
51 4 4
51 5 0
51 6 4
51 7 4
51 8 6
51 9 5
51 10 0
51 11 0
51 12 0
51 13 2
51 14 4
51 15 3
51 16 4
51 17 1
51 18 2
51 19 2
52 0 2
52 1 0
52 2 0
52 3 4
52 4 1
52 5 3
52 6 4
52 7 8
52 8 2
52 9 6
52 10 3
52 11 4
52 12 2
52 13 2
52 14 4
52 15 2
52 16 3
52 17 2
52 18 1
52 19 2
53 0 3
53 1 0
53 2 3
53 3 12
53 4 4
53 5 1
53 6 4
53 7 8
53 8 2
53 9 3
53 10 2
53 11 1
53 12 1
53 13 1
53 14 8
53 15 2
53 16 4
53 17 5
53 18 0
53 19 0
54 0 1
54 1 0
54 2 6
54 3 11
54 4 4
54 5 1
54 6 9
54 7 14
54 8 3
54 9 2
54 10 4
54 11 6
54 12 2
54 13 1
54 14 15
54 15 5
54 16 5
54 17 6
54 18 1
54 19 2
55 0 7
55 1 3
55 2 7
55 3 16
55 4 6
55 5 2
55 6 12
55 7 14
55 8 13
55 9 5
55 10 7
55 11 2
55 12 2
55 13 4
55 14 13
55 15 4
55 16 8
55 17 10
55 18 2
55 19 3
56 0 10
56 1 1
56 2 10
56 3 16
56 4 9
56 5 3
56 6 6
56 7 11
56 8 10
56 9 4
56 10 4
56 11 4
56 12 3
56 13 5
56 14 12
56 15 10
56 16 9
56 17 8
56 18 1
56 19 1
57 0 8
57 1 1
57 2 2
57 3 19
57 4 7
57 5 3
57 6 18
57 7 19
57 8 18
57 9 9
57 10 6
57 11 4
57 12 4
57 13 5
57 14 8
57 15 3
57 16 4
57 17 8
57 18 0
57 19 3
58 0 13
58 1 4
58 2 7
58 3 17
58 4 4
58 5 1
58 6 11
58 7 20
58 8 14
58 9 6
58 10 10
58 11 5
58 12 2
58 13 14
58 14 14
58 15 6
58 16 15
58 17 16
58 18 1
58 19 5
59 0 9
59 1 3
59 2 12
59 3 12
59 4 7
59 5 3
59 6 14
59 7 20
59 8 22
59 9 7
59 10 11
59 11 11
59 12 3
59 13 8
59 14 5
59 15 8
59 16 6
59 17 22
59 18 1
59 19 1
60 0 6
60 1 7
60 2 14
60 3 8
60 4 5
60 5 3
60 6 6
60 7 26
60 8 20
60 9 4
60 10 10
60 11 5
60 12 3
60 13 19
60 14 16
60 15 7
60 16 22
60 17 24
60 18 3
60 19 4
61 0 9
61 1 8
61 2 13
61 3 12
61 4 5
61 5 2
61 6 12
61 7 16
61 8 32
61 9 8
61 10 11
61 11 6
61 12 2
61 13 17
61 14 13
61 15 5
61 16 11
61 17 22
61 18 3
61 19 2
62 0 24
62 1 15
62 2 16
62 3 18
62 4 4
62 5 1
62 6 15
62 7 16
62 8 22
62 9 6
62 10 10
62 11 7
62 12 4
62 13 25
62 14 6
62 15 5
62 16 10
62 17 25
62 18 0
62 19 3
63 0 19
63 1 10
63 2 7
63 3 5
63 4 9
63 5 3
63 6 10
63 7 17
63 8 22
63 9 6
63 10 14
63 11 10
63 12 2
63 13 23
63 14 13
63 15 6
63 16 18
63 17 20
63 18 2
63 19 1
64 0 13
64 1 10
64 2 4
64 3 14
64 4 7
64 5 2
64 6 15
64 7 14
64 8 19
64 9 2
64 10 10
64 11 12
64 12 2
64 13 22
64 14 9
64 15 4
64 16 20
64 17 26
64 18 1
64 19 2
65 0 11
65 1 9
65 2 6
65 3 14
65 4 6
65 5 2
65 6 8
65 7 14
65 8 24
65 9 8
65 10 11
65 11 8
65 12 2
65 13 10
65 14 15
65 15 6
65 16 21
65 17 18
65 18 0
65 19 4
66 0 11
66 1 8
66 2 11
66 3 13
66 4 3
66 5 4
66 6 13
66 7 11
66 8 19
66 9 0
66 10 9
66 11 9
66 12 3
66 13 20
66 14 10
66 15 5
66 16 13
66 17 27
66 18 1
66 19 1
67 0 10
67 1 19
67 2 5
67 3 10
67 4 6
67 5 2
67 6 10
67 7 10
67 8 22
67 9 6
67 10 12
67 11 4
67 12 3
67 13 18
67 14 10
67 15 8
67 16 9
67 17 21
67 18 0
67 19 0
68 0 12
68 1 14
68 2 6
68 3 8
68 4 9
68 5 2
68 6 5
68 7 11
68 8 19
68 9 5
68 10 10
68 11 10
68 12 2
68 13 16
68 14 9
68 15 3
68 16 10
68 17 11
68 18 0
68 19 2
69 0 17
69 1 24
69 2 16
69 3 12
69 4 13
69 5 2
69 6 6
69 7 20
69 8 31
69 9 10
69 10 11
69 11 8
69 12 8
69 13 25
69 14 28
69 15 8
69 16 8
69 17 27
69 18 4
69 19 2
70 0 16
70 1 26
70 2 9
70 3 12
70 4 16
70 5 2
70 6 15
70 7 23
70 8 33
70 9 3
70 10 14
70 11 13
70 12 6
70 13 22
70 14 18
70 15 6
70 16 11
70 17 22
70 18 4
70 19 4
71 0 15
71 1 24
71 2 8
71 3 11
71 4 19
71 5 4
71 6 12
71 7 6
71 8 15
71 9 0
71 10 11
71 11 12
71 12 5
71 13 25
71 14 20
71 15 5
71 16 6
71 17 22
71 18 5
71 19 1
72 0 12
72 1 13
72 2 4
72 3 4
72 4 6
72 5 4
72 6 11
72 7 9
72 8 16
72 9 7
72 10 9
72 11 6
72 12 3
72 13 22
72 14 19
72 15 5
72 16 8
72 17 15
72 18 0
72 19 3
73 0 17
73 1 14
73 2 3
73 3 7
73 4 7
73 5 1
73 6 4
73 7 10
73 8 7
73 9 6
73 10 8
73 11 3
73 12 4
73 13 18
73 14 11
73 15 6
73 16 7
73 17 14
73 18 0
73 19 2
74 0 14
74 1 9
74 2 3
74 3 12
74 4 9
74 5 1
74 6 8
74 7 10
74 8 8
74 9 6
74 10 12
74 11 12
74 12 3
74 13 23
74 14 5
74 15 3
74 16 14
74 17 18
74 18 3
74 19 3
75 0 12
75 1 7
75 2 7
75 3 8
75 4 7
75 5 1
75 6 7
75 7 8
75 8 16
75 9 7
75 10 9
75 11 6
75 12 2
75 13 23
75 14 14
75 15 6
75 16 3
75 17 11
75 18 1
75 19 2
76 0 13
76 1 9
76 2 9
76 3 3
76 4 4
76 5 4
76 6 8
76 7 6
76 8 9
76 9 6
76 10 6
76 11 13
76 12 2
76 13 19
76 14 11
76 15 2
76 16 10
76 17 16
76 18 1
76 19 1
77 0 14
77 1 8
77 2 8
77 3 9
77 4 2
77 5 2
77 6 7
77 7 13
77 8 6
77 9 8
77 10 1
77 11 10
77 12 2
77 13 18
77 14 6
77 15 3
77 16 13
77 17 18
77 18 1
77 19 1
78 0 7
78 1 5
78 2 6
78 3 13
78 4 6
78 5 3
78 6 7
78 7 7
78 8 8
78 9 6
78 10 15
78 11 11
78 12 2
78 13 21
78 14 11
78 15 5
78 16 9
78 17 15
78 18 2
78 19 2
79 0 32
79 1 13
79 2 14
79 3 9
79 4 12
79 5 3
79 6 12
79 7 9
79 8 29
79 9 12
79 10 16
79 11 11
79 12 4
79 13 37
79 14 16
79 15 4
79 16 25
79 17 28
79 18 7
79 19 2
80 0 0
80 1 0
80 2 0
80 3 0
80 4 0
80 5 0
80 6 0
80 7 0
80 8 0
80 9 0
80 10 0
80 11 0
80 12 0
80 13 0
80 14 0
80 15 0
80 16 0
80 17 0
80 18 0
80 19 0
81 0 0
81 1 0
81 2 0
81 3 0
81 4 0
81 5 0
81 6 0
81 7 0
81 8 0
81 9 0
81 10 0
81 11 0
81 12 0
81 13 0
81 14 0
81 15 0
81 16 0
81 17 0
81 18 0
81 19 0
82 0 0
82 1 0
82 2 0
82 3 0
82 4 0
82 5 0
82 6 0
82 7 0
82 8 0
82 9 0
82 10 0
82 11 0
82 12 0
82 13 0
82 14 0
82 15 0
82 16 0
82 17 0
82 18 0
82 19 0
83 0 0
83 1 0
83 2 0
83 3 0
83 4 0
83 5 0
83 6 0
83 7 0
83 8 0
83 9 0
83 10 0
83 11 0
83 12 0
83 13 0
83 14 0
83 15 0
83 16 0
83 17 0
83 18 0
83 19 0
84 0 0
84 1 0
84 2 0
84 3 0
84 4 0
84 5 0
84 6 0
84 7 0
84 8 0
84 9 0
84 10 0
84 11 0
84 12 0
84 13 0
84 14 0
84 15 0
84 16 0
84 17 0
84 18 0
84 19 0
85 0 0
85 1 0
85 2 0
85 3 0
85 4 0
85 5 0
85 6 0
85 7 0
85 8 0
85 9 0
85 10 0
85 11 0
85 12 0
85 13 0
85 14 0
85 15 0
85 16 0
85 17 0
85 18 0
85 19 0
86 0 0
86 1 0
86 2 0
86 3 0
86 4 0
86 5 0
86 6 0
86 7 0
86 8 0
86 9 0
86 10 0
86 11 0
86 12 0
86 13 0
86 14 0
86 15 0
86 16 0
86 17 0
86 18 0
86 19 0
87 0 0
87 1 0
87 2 0
87 3 0
87 4 0
87 5 0
87 6 0
87 7 0
87 8 0
87 9 0
87 10 0
87 11 0
87 12 0
87 13 0
87 14 0
87 15 0
87 16 0
87 17 0
87 18 0
87 19 0
88 0 0
88 1 0
88 2 0
88 3 0
88 4 0
88 5 0
88 6 0
88 7 0
88 8 0
88 9 0
88 10 0
88 11 0
88 12 0
88 13 0
88 14 0
88 15 0
88 16 0
88 17 0
88 18 0
88 19 0
89 0 0
89 1 0
89 2 0
89 3 0
89 4 0
89 5 0
89 6 0
89 7 0
89 8 0
89 9 0
89 10 0
89 11 0
89 12 0
89 13 0
89 14 0
89 15 0
89 16 0
89 17 0
89 18 0
89 19 0
90 0 0
90 1 0
90 2 0
90 3 0
90 4 0
90 5 0
90 6 0
90 7 0
90 8 0
90 9 0
90 10 0
90 11 0
90 12 0
90 13 0
90 14 0
90 15 0
90 16 0
90 17 0
90 18 0
90 19 0
91 0 0
91 1 0
91 2 0
91 3 0
91 4 0
91 5 0
91 6 0
91 7 0
91 8 0
91 9 0
91 10 0
91 11 0
91 12 0
91 13 0
91 14 0
91 15 0
91 16 0
91 17 0
91 18 0
91 19 0
92 0 0
92 1 0
92 2 0
92 3 0
92 4 0
92 5 0
92 6 0
92 7 0
92 8 0
92 9 0
92 10 0
92 11 0
92 12 0
92 13 0
92 14 0
92 15 0
92 16 0
92 17 0
92 18 0
92 19 0
93 0 0
93 1 0
93 2 0
93 3 0
93 4 0
93 5 0
93 6 0
93 7 0
93 8 0
93 9 0
93 10 0
93 11 0
93 12 0
93 13 0
93 14 0
93 15 0
93 16 0
93 17 0
93 18 0
93 19 0
94 0 0
94 1 0
94 2 0
94 3 0
94 4 0
94 5 0
94 6 0
94 7 0
94 8 0
94 9 0
94 10 0
94 11 0
94 12 0
94 13 0
94 14 0
94 15 0
94 16 0
94 17 0
94 18 0
94 19 0
95 0 0
95 1 0
95 2 0
95 3 0
95 4 0
95 5 0
95 6 0
95 7 0
95 8 0
95 9 0
95 10 0
95 11 0
95 12 0
95 13 0
95 14 0
95 15 0
95 16 0
95 17 0
95 18 0
95 19 0
