0 0 80
0 1 9
0 2 16
0 3 26
0 4 41
1 0 83
1 1 5
1 2 11
1 3 22
1 4 38
2 0 53
2 1 2
2 2 4
2 3 14
2 4 22
3 0 152
3 1 9
3 2 22
3 3 56
3 4 62
4 0 123
4 1 8
4 2 13
4 3 31
4 4 36
5 0 99
5 1 9
5 2 18
5 3 22
5 4 37
6 0 62
6 1 6
6 2 6
6 3 19
6 4 20
7 0 53
7 1 9
7 2 5
7 3 12
7 4 19
8 0 54
8 1 6
8 2 3
8 3 17
8 4 18
9 0 53
9 1 6
9 2 5
9 3 18
9 4 21
10 0 62
10 1 1
10 2 9
10 3 12
10 4 24
11 0 61
11 1 1
11 2 4
11 3 13
11 4 31
12 0 57
12 1 7
12 2 8
12 3 18
12 4 21
13 0 50
13 1 7
13 2 7
13 3 12
13 4 26
14 0 59
14 1 2
14 2 7
14 3 18
14 4 19
15 0 61
15 1 5
15 2 5
15 3 21
15 4 11
16 0 44
16 1 3
16 2 4
16 3 19
16 4 28
17 0 46
17 1 2
17 2 2
17 3 18
17 4 23
18 0 38
18 1 7
18 2 5
18 3 18
18 4 22
19 0 90
19 1 9
19 2 24
19 3 58
19 4 73
20 0 58
20 1 6
20 2 5
20 3 22
20 4 27
21 0 54
21 1 3
21 2 14
21 3 35
21 4 35
22 0 42
22 1 1
22 2 4
22 3 13
22 4 17
23 0 236
23 1 9
23 2 40
23 3 139
23 4 148
24 0 132
24 1 4
24 2 19
24 3 91
24 4 113
25 0 106
25 1 0
25 2 25
25 3 75
25 4 79
26 0 111
26 1 1
26 2 15
26 3 69
26 4 54
27 0 19
27 1 2
27 2 3
27 3 5
27 4 13
28 0 17
28 1 2
28 2 4
28 3 26
28 4 15
29 0 11
29 1 0
29 2 3
29 3 12
29 4 10
30 0 16
30 1 0
30 2 2
30 3 13
30 4 11
31 0 59
31 1 1
31 2 12
31 3 60
31 4 35
32 0 73
32 1 1
32 2 12
32 3 75
32 4 50
33 0 70
33 1 0
33 2 13
33 3 82
33 4 71
34 0 67
34 1 0
34 2 19
34 3 93
34 4 52
35 0 20
35 1 0
35 2 5
35 3 45
35 4 19
36 0 8
36 1 0
36 2 5
36 3 10
36 4 6
37 0 7
37 1 0
37 2 4
37 3 3
37 4 2
38 0 9
38 1 0
38 2 2
38 3 4
38 4 2
39 0 19
39 1 0
39 2 4
39 3 18
39 4 15
40 0 6
40 1 0
40 2 7
40 3 12
40 4 8
41 0 4
41 1 0
41 2 1
41 3 4
41 4 0
42 0 4
42 1 0
42 2 0
42 3 3
42 4 2
43 0 14
43 1 0
43 2 2
43 3 11
43 4 5
44 0 24
44 1 0
44 2 6
44 3 17
44 4 6
45 0 14
45 1 0
45 2 6
45 3 18
45 4 12
46 0 9
46 1 0
46 2 4
46 3 12
46 4 14
47 0 14
47 1 0
47 2 3
47 3 17
47 4 12
48 0 12
48 1 1
48 2 0
48 3 12
48 4 14
49 0 12
49 1 0
49 2 5
49 3 9
49 4 9
50 0 7
50 1 0
50 2 3
50 3 12
50 4 15
51 0 11
51 1 1
51 2 11
51 3 12
51 4 19
52 0 13
52 1 0
52 2 12
52 3 11
52 4 19
53 0 13
53 1 0
53 2 8
53 3 11
53 4 32
54 0 21
54 1 0
54 2 9
54 3 29
54 4 39
55 0 38
55 1 3
55 2 15
55 3 29
55 4 55
56 0 35
56 1 1
56 2 16
56 3 36
56 4 49
57 0 28
57 1 1
57 2 24
57 3 29
57 4 67
58 0 68
58 1 4
58 2 16
58 3 31
58 4 66
59 0 54
59 1 3
59 2 19
59 3 46
59 4 63
60 0 80
60 1 7
60 2 15
60 3 39
60 4 71
61 0 74
61 1 8
61 2 17
61 3 36
61 4 74
62 0 98
62 1 15
62 2 18
62 3 39
62 4 62
63 0 94
63 1 10
63 2 18
63 3 35
63 4 60
64 0 92
64 1 10
64 2 13
64 3 33
64 4 60
65 0 73
65 1 9
65 2 21
65 3 25
65 4 69
66 0 77
66 1 8
66 2 6
66 3 40
66 4 60
67 0 68
67 1 19
67 2 18
67 3 31
67 4 49
68 0 65
68 1 14
68 2 16
68 3 20
68 4 49
69 0 95
69 1 24
69 2 36
69 3 42
69 4 83
70 0 91
70 1 26
70 2 26
70 3 48
70 4 84
71 0 81
71 1 24
71 2 23
71 3 44
71 4 54
72 0 61
72 1 13
72 2 17
72 3 33
72 4 52
73 0 60
73 1 14
73 2 19
73 3 22
73 4 34
74 0 81
74 1 9
74 2 22
74 3 23
74 4 41
75 0 62
75 1 7
75 2 17
75 3 26
75 4 45
76 0 65
76 1 9
76 2 13
76 3 31
76 4 34
77 0 66
77 1 8
77 2 14
77 3 27
77 4 35
78 0 72
78 1 5
78 2 17
78 3 30
78 4 37
79 0 138
79 1 13
79 2 31
79 3 46
79 4 67
80 0 0
80 1 0
80 2 0
80 3 0
80 4 0
81 0 0
81 1 0
81 2 0
81 3 0
81 4 0
82 0 0
82 1 0
82 2 0
82 3 0
82 4 0
83 0 0
83 1 0
83 2 0
83 3 0
83 4 0
84 0 0
84 1 0
84 2 0
84 3 0
84 4 0
85 0 0
85 1 0
85 2 0
85 3 0
85 4 0
86 0 0
86 1 0
86 2 0
86 3 0
86 4 0
87 0 0
87 1 0
87 2 0
87 3 0
87 4 0
88 0 0
88 1 0
88 2 0
88 3 0
88 4 0
89 0 0
89 1 0
89 2 0
89 3 0
89 4 0
90 0 0
90 1 0
90 2 0
90 3 0
90 4 0
91 0 0
91 1 0
91 2 0
91 3 0
91 4 0
92 0 0
92 1 0
92 2 0
92 3 0
92 4 0
93 0 0
93 1 0
93 2 0
93 3 0
93 4 0
94 0 0
94 1 0
94 2 0
94 3 0
94 4 0
95 0 0
95 1 0
95 2 0
95 3 0
95 4 0
