0 0 4
0 1 5
0 2 12
0 3 6
0 4 2
0 5 0
0 6 0
0 7 3
0 8 3
0 9 8
0 10 4
0 11 2
0 12 5
0 13 16
0 14 1
0 15 0
0 16 2
0 17 0
0 18 4
0 19 18
0 20 3
0 21 2
0 22 6
0 23 1
0 24 10
0 25 1
0 26 0
0 27 6
0 28 4
0 29 0
0 30 0
0 31 4
0 32 6
0 33 10
0 34 0
0 35 1
0 36 0
0 37 2
0 38 3
0 39 2
0 40 0
0 41 2
0 42 1
0 43 3
0 44 0
0 45 5
0 46 1
0 47 0
0 48 0
0 49 4
1 0 2
1 1 3
1 2 12
1 3 3
1 4 3
1 5 3
1 6 0
1 7 2
1 8 4
1 9 15
1 10 4
1 11 6
1 12 4
1 13 10
1 14 2
1 15 0
1 16 4
1 17 0
1 18 1
1 19 7
1 20 7
1 21 2
1 22 9
1 23 5
1 24 13
1 25 5
1 26 0
1 27 4
1 28 1
1 29 0
1 30 0
1 31 0
1 32 2
1 33 7
1 34 0
1 35 1
1 36 0
1 37 5
1 38 5
1 39 0
1 40 2
1 41 1
1 42 0
1 43 2
1 44 0
1 45 0
1 46 1
1 47 0
1 48 0
1 49 2
2 0 2
2 1 1
2 2 7
2 3 1
2 4 0
2 5 1
2 6 0
2 7 1
2 8 1
2 9 2
2 10 3
2 11 1
2 12 3
2 13 3
2 14 2
2 15 0
2 16 1
2 17 1
2 18 0
2 19 14
2 20 2
2 21 4
2 22 5
2 23 3
2 24 5
2 25 3
2 26 1
2 27 4
2 28 0
2 29 0
2 30 0
2 31 0
2 32 3
2 33 9
2 34 0
2 35 1
2 36 0
2 37 2
2 38 4
2 39 0
2 40 0
2 41 1
2 42 0
2 43 2
2 44 0
2 45 0
2 46 1
2 47 0
2 48 0
2 49 1
3 0 5
3 1 4
3 2 24
3 3 6
3 4 9
3 5 0
3 6 0
3 7 7
3 8 3
3 9 15
3 10 8
3 11 9
3 12 12
3 13 9
3 14 7
3 15 0
3 16 5
3 17 2
3 18 4
3 19 37
3 20 14
3 21 9
3 22 6
3 23 7
3 24 15
3 25 4
3 26 0
3 27 5
3 28 5
3 29 0
3 30 0
3 31 7
3 32 7
3 33 11
3 34 0
3 35 2
3 36 1
3 37 4
3 38 7
3 39 2
3 40 0
3 41 5
3 42 1
3 43 7
3 44 1
3 45 5
3 46 3
3 47 2
3 48 2
3 49 3
4 0 4
4 1 5
4 2 23
4 3 5
4 4 3
4 5 3
4 6 0
4 7 3
4 8 3
4 9 15
4 10 5
4 11 5
4 12 2
4 13 14
4 14 4
4 15 1
4 16 2
4 17 0
4 18 0
4 19 17
4 20 9
4 21 5
4 22 8
4 23 1
4 24 16
4 25 2
4 26 0
4 27 8
4 28 0
4 29 0
4 30 0
4 31 4
4 32 7
4 33 13
4 34 0
4 35 2
4 36 1
4 37 2
4 38 4
4 39 2
4 40 1
4 41 1
4 42 0
4 43 2
4 44 0
4 45 3
4 46 2
4 47 0
4 48 1
4 49 3
5 0 2
5 1 9
5 2 26
5 3 7
5 4 6
5 5 1
5 6 0
5 7 2
5 8 0
5 9 5
5 10 2
5 11 4
5 12 4
5 13 7
5 14 4
5 15 1
5 16 3
5 17 0
5 18 0
5 19 13
5 20 9
5 21 4
5 22 0
5 23 3
5 24 14
5 25 3
5 26 2
5 27 9
5 28 1
5 29 0
5 30 0
5 31 1
5 32 8
5 33 11
5 34 0
5 35 1
5 36 0
5 37 4
5 38 4
5 39 2
5 40 1
5 41 4
5 42 0
5 43 2
5 44 0
5 45 2
5 46 2
5 47 0
5 48 2
5 49 0
6 0 4
6 1 4
6 2 11
6 3 2
6 4 1
6 5 1
6 6 1
6 7 2
6 8 3
6 9 6
6 10 3
6 11 2
6 12 8
6 13 6
6 14 2
6 15 0
6 16 1
6 17 0
6 18 0
6 19 16
6 20 1
6 21 2
6 22 6
6 23 2
6 24 5
6 25 1
6 26 0
6 27 2
6 28 1
6 29 0
6 30 0
6 31 3
6 32 5
6 33 5
6 34 0
6 35 1
6 36 0
6 37 0
6 38 1
6 39 0
6 40 0
6 41 0
6 42 0
6 43 0
6 44 0
6 45 2
6 46 0
6 47 0
6 48 1
6 49 2
7 0 2
7 1 6
7 2 6
7 3 4
7 4 1
7 5 1
7 6 0
7 7 3
7 8 0
7 9 2
7 10 2
7 11 1
7 12 1
7 13 8
7 14 4
7 15 0
7 16 0
7 17 1
7 18 0
7 19 13
7 20 2
7 21 0
7 22 0
7 23 0
7 24 11
7 25 0
7 26 0
7 27 2
7 28 0
7 29 0
7 30 0
7 31 3
7 32 2
7 33 9
7 34 0
7 35 4
7 36 0
7 37 1
7 38 3
7 39 1
7 40 0
7 41 0
7 42 0
7 43 0
7 44 0
7 45 2
7 46 0
7 47 0
7 48 0
7 49 3
8 0 4
8 1 6
8 2 12
8 3 1
8 4 2
8 5 0
8 6 0
8 7 0
8 8 2
8 9 4
8 10 4
8 11 2
8 12 2
8 13 3
8 14 1
8 15 0
8 16 1
8 17 0
8 18 0
8 19 13
8 20 3
8 21 3
8 22 2
8 23 0
8 24 9
8 25 2
8 26 0
8 27 2
8 28 1
8 29 0
8 30 0
8 31 2
8 32 0
8 33 5
8 34 0
8 35 2
8 36 0
8 37 4
8 38 2
8 39 2
8 40 0
8 41 0
8 42 0
8 43 1
8 44 0
8 45 0
8 46 0
8 47 0
8 48 1
8 49 0
9 0 3
9 1 6
9 2 8
9 3 2
9 4 4
9 5 0
9 6 0
9 7 1
9 8 0
9 9 5
9 10 3
9 11 2
9 12 3
9 13 6
9 14 2
9 15 1
9 16 3
9 17 1
9 18 1
9 19 11
9 20 6
9 21 2
9 22 1
9 23 0
9 24 5
9 25 3
9 26 0
9 27 1
9 28 0
9 29 0
9 30 0
9 31 3
9 32 5
9 33 9
9 34 0
9 35 1
9 36 0
9 37 0
9 38 0
9 39 0
9 40 1
9 41 0
9 42 0
9 43 1
9 44 0
9 45 0
9 46 3
9 47 0
9 48 0
9 49 0
10 0 3
10 1 1
10 2 6
10 3 4
10 4 4
10 5 1
10 6 0
10 7 1
10 8 2
10 9 3
10 10 2
10 11 1
10 12 3
10 13 6
10 14 3
10 15 0
10 16 3
10 17 0
10 18 0
10 19 13
10 20 6
10 21 1
10 22 2
10 23 0
10 24 6
10 25 0
10 26 0
10 27 2
10 28 1
10 29 0
10 30 0
10 31 1
10 32 6
10 33 11
10 34 0
10 35 2
10 36 0
10 37 3
10 38 5
10 39 1
10 40 0
10 41 0
10 42 0
10 43 3
10 44 0
10 45 0
10 46 0
10 47 0
10 48 2
10 49 0
11 0 0
11 1 1
11 2 8
11 3 0
11 4 2
11 5 2
11 6 0
11 7 2
11 8 1
11 9 7
11 10 1
11 11 1
11 12 2
11 13 8
11 14 4
11 15 0
11 16 3
11 17 1
11 18 1
11 19 11
11 20 3
11 21 4
11 22 3
11 23 0
11 24 6
11 25 4
11 26 0
11 27 4
11 28 1
11 29 0
11 30 0
11 31 1
11 32 5
11 33 9
11 34 0
11 35 4
11 36 0
11 37 4
11 38 3
11 39 1
11 40 0
11 41 1
11 42 0
11 43 1
11 44 0
11 45 1
11 46 0
11 47 0
11 48 0
11 49 0
12 0 1
12 1 5
12 2 10
12 3 2
12 4 2
12 5 0
12 6 0
12 7 1
12 8 3
12 9 2
12 10 3
12 11 0
12 12 3
12 13 5
12 14 5
12 15 1
12 16 2
12 17 0
12 18 2
12 19 10
12 20 2
12 21 1
12 22 1
12 23 1
12 24 6
12 25 3
12 26 0
12 27 2
12 28 0
12 29 0
12 30 0
12 31 6
12 32 7
12 33 11
12 34 0
12 35 1
12 36 1
12 37 2
12 38 3
12 39 0
12 40 0
12 41 1
12 42 0
12 43 2
12 44 0
12 45 1
12 46 1
12 47 1
12 48 0
12 49 1
13 0 2
13 1 7
13 2 5
13 3 5
13 4 6
13 5 0
13 6 0
13 7 3
13 8 1
13 9 3
13 10 1
13 11 1
13 12 2
13 13 5
13 14 1
13 15 0
13 16 1
13 17 0
13 18 1
13 19 13
13 20 5
13 21 3
13 22 3
13 23 2
13 24 5
13 25 0
13 26 0
13 27 4
13 28 0
13 29 0
13 30 0
13 31 2
13 32 3
13 33 7
13 34 0
13 35 1
13 36 0
13 37 1
13 38 2
13 39 1
13 40 2
13 41 1
13 42 0
13 43 3
13 44 0
13 45 0
13 46 0
13 47 0
13 48 0
13 49 0
14 0 6
14 1 2
14 2 5
14 3 4
14 4 3
14 5 0
14 6 0
14 7 0
14 8 2
14 9 7
14 10 3
14 11 2
14 12 2
14 13 6
14 14 3
14 15 1
14 16 2
14 17 0
14 18 1
14 19 9
14 20 4
14 21 1
14 22 4
14 23 0
14 24 8
14 25 0
14 26 1
14 27 2
14 28 0
14 29 0
14 30 0
14 31 3
14 32 10
14 33 6
14 34 0
14 35 1
14 36 0
14 37 4
14 38 2
14 39 0
14 40 1
14 41 0
14 42 0
14 43 0
14 44 0
14 45 0
14 46 0
14 47 0
14 48 0
14 49 0
15 0 4
15 1 3
15 2 12
15 3 2
15 4 0
15 5 1
15 6 0
15 7 0
15 8 4
15 9 5
15 10 2
15 11 1
15 12 2
15 13 4
15 14 2
15 15 0
15 16 3
15 17 1
15 18 1
15 19 14
15 20 4
15 21 3
15 22 2
15 23 0
15 24 5
15 25 0
15 26 0
15 27 2
15 28 0
15 29 1
15 30 0
15 31 3
15 32 6
15 33 7
15 34 0
15 35 0
15 36 0
15 37 1
15 38 2
15 39 1
15 40 0
15 41 1
15 42 0
15 43 2
15 44 0
15 45 1
15 46 0
15 47 0
15 48 0
15 49 1
16 0 4
16 1 2
16 2 3
16 3 2
16 4 2
16 5 0
16 6 1
16 7 2
16 8 1
16 9 2
16 10 2
16 11 1
16 12 3
16 13 9
16 14 3
16 15 0
16 16 5
16 17 0
16 18 0
16 19 8
16 20 4
16 21 3
16 22 3
16 23 1
16 24 8
16 25 1
16 26 0
16 27 3
16 28 0
16 29 0
16 30 0
16 31 0
16 32 5
16 33 6
16 34 0
16 35 3
16 36 1
16 37 0
16 38 1
16 39 1
16 40 1
16 41 0
16 42 0
16 43 3
16 44 0
16 45 2
16 46 1
16 47 0
16 48 0
16 49 1
17 0 6
17 1 1
17 2 7
17 3 1
17 4 3
17 5 0
17 6 0
17 7 1
17 8 0
17 9 5
17 10 4
17 11 1
17 12 1
17 13 3
17 14 1
17 15 0
17 16 1
17 17 0
17 18 0
17 19 11
17 20 2
17 21 2
17 22 3
17 23 0
17 24 4
17 25 2
17 26 0
17 27 2
17 28 1
17 29 0
17 30 0
17 31 1
17 32 8
17 33 3
17 34 0
17 35 2
17 36 0
17 37 3
17 38 3
17 39 2
17 40 0
17 41 0
17 42 0
17 43 3
17 44 0
17 45 3
17 46 0
17 47 0
17 48 0
17 49 1
18 0 3
18 1 4
18 2 8
18 3 2
18 4 2
18 5 1
18 6 0
18 7 1
18 8 2
18 9 2
18 10 4
18 11 0
18 12 6
18 13 4
18 14 3
18 15 0
18 16 1
18 17 0
18 18 0
18 19 9
18 20 2
18 21 0
18 22 0
18 23 0
18 24 3
18 25 1
18 26 0
18 27 3
18 28 0
18 29 1
18 30 0
18 31 6
18 32 3
18 33 6
18 34 0
18 35 3
18 36 0
18 37 2
18 38 0
18 39 0
18 40 0
18 41 1
18 42 0
18 43 2
18 44 0
18 45 0
18 46 3
18 47 0
18 48 0
18 49 2
19 0 14
19 1 6
19 2 16
19 3 6
19 4 6
19 5 3
19 6 0
19 7 6
19 8 5
19 9 7
19 10 13
19 11 2
19 12 14
19 13 13
19 14 5
19 15 1
19 16 4
19 17 1
19 18 6
19 19 15
19 20 6
19 21 11
19 22 2
19 23 1
19 24 11
19 25 3
19 26 0
19 27 12
19 28 1
19 29 1
19 30 0
19 31 3
19 32 8
19 33 8
19 34 0
19 35 6
19 36 0
19 37 9
19 38 6
19 39 2
19 40 2
19 41 6
19 42 0
19 43 8
19 44 0
19 45 2
19 46 1
19 47 0
19 48 0
19 49 2
20 0 5
20 1 3
20 2 6
20 3 0
20 4 3
20 5 1
20 6 0
20 7 0
20 8 5
20 9 4
20 10 2
20 11 3
20 12 1
20 13 6
20 14 5
20 15 1
20 16 1
20 17 0
20 18 1
20 19 8
20 20 4
20 21 2
20 22 8
20 23 0
20 24 6
20 25 1
20 26 0
20 27 4
20 28 0
20 29 0
20 30 0
20 31 3
20 32 8
20 33 7
20 34 0
20 35 5
20 36 0
20 37 3
20 38 2
20 39 3
20 40 0
20 41 2
20 42 0
20 43 0
20 44 0
20 45 0
20 46 1
20 47 0
20 48 1
20 49 3
21 0 3
21 1 3
21 2 7
21 3 4
21 4 8
21 5 2
21 6 1
21 7 2
21 8 8
21 9 4
21 10 2
21 11 2
21 12 5
21 13 4
21 14 5
21 15 1
21 16 3
21 17 3
21 18 2
21 19 6
21 20 1
21 21 9
21 22 3
21 23 2
21 24 9
21 25 0
21 26 0
21 27 5
21 28 2
21 29 0
21 30 0
21 31 1
21 32 5
21 33 8
21 34 0
21 35 3
21 36 0
21 37 2
21 38 6
21 39 1
21 40 1
21 41 1
21 42 0
21 43 3
21 44 0
21 45 2
21 46 0
21 47 0
21 48 2
21 49 0
22 0 3
22 1 1
22 2 9
22 3 1
22 4 3
22 5 0
22 6 0
22 7 1
22 8 4
22 9 2
22 10 2
22 11 1
22 12 2
22 13 3
22 14 0
22 15 0
22 16 1
22 17 0
22 18 0
22 19 9
22 20 3
22 21 1
22 22 0
22 23 0
22 24 4
22 25 2
22 26 0
22 27 2
22 28 1
22 29 0
22 30 0
22 31 1
22 32 5
22 33 4
22 34 0
22 35 1
22 36 0
22 37 3
22 38 3
22 39 1
22 40 0
22 41 1
22 42 0
22 43 2
22 44 0
22 45 0
22 46 0
22 47 0
22 48 1
22 49 0
23 0 27
23 1 6
23 2 27
23 3 15
23 4 16
23 5 2
23 6 1
23 7 6
23 8 21
23 9 11
23 10 16
23 11 8
23 12 38
23 13 16
23 14 10
23 15 2
23 16 15
23 17 2
23 18 8
23 19 31
23 20 18
23 21 16
23 22 21
23 23 6
23 24 22
23 25 11
23 26 1
23 27 16
23 28 4
23 29 1
23 30 3
23 31 14
23 32 50
23 33 16
23 34 2
23 35 21
23 36 0
23 37 9
23 38 23
23 39 8
23 40 1
23 41 7
23 42 0
23 43 8
23 44 1
23 45 5
23 46 7
23 47 0
23 48 1
23 49 2
24 0 20
24 1 2
24 2 15
24 3 7
24 4 17
24 5 2
24 6 0
24 7 4
24 8 12
24 9 11
24 10 18
24 11 7
24 12 16
24 13 14
24 14 10
24 15 3
24 16 15
24 17 1
24 18 4
24 19 17
24 20 10
24 21 6
24 22 6
24 23 2
24 24 15
24 25 6
24 26 0
24 27 17
24 28 1
24 29 0
24 30 0
24 31 12
24 32 17
24 33 14
24 34 0
24 35 12
24 36 1
24 37 10
24 38 17
24 39 4
24 40 3
24 41 1
24 42 0
24 43 2
24 44 0
24 45 4
24 46 2
24 47 0
24 48 0
24 49 2
25 0 6
25 1 0
25 2 16
25 3 6
25 4 11
25 5 3
25 6 4
25 7 1
25 8 9
25 9 8
25 10 17
25 11 5
25 12 11
25 13 8
25 14 5
25 15 0
25 16 8
25 17 0
25 18 6
25 19 14
25 20 8
25 21 16
25 22 6
25 23 1
25 24 19
25 25 2
25 26 1
25 27 17
25 28 0
25 29 0
25 30 0
25 31 6
25 32 14
25 33 5
25 34 1
25 35 8
25 36 3
25 37 8
25 38 10
25 39 4
25 40 0
25 41 4
25 42 0
25 43 5
25 44 0
25 45 2
25 46 5
25 47 0
25 48 2
25 49 0
26 0 18
26 1 1
26 2 19
26 3 4
26 4 5
26 5 4
26 6 1
26 7 3
26 8 7
26 9 8
26 10 9
26 11 5
26 12 15
26 13 8
26 14 5
26 15 0
26 16 11
26 17 1
26 18 1
26 19 9
26 20 11
26 21 4
26 22 7
26 23 1
26 24 20
26 25 3
26 26 0
26 27 9
26 28 2
26 29 0
26 30 0
26 31 7
26 32 11
26 33 10
26 34 0
26 35 3
26 36 1
26 37 3
26 38 8
26 39 3
26 40 3
26 41 1
26 42 0
26 43 2
26 44 0
26 45 3
26 46 3
26 47 0
26 48 1
26 49 0
27 0 1
27 1 2
27 2 3
27 3 2
27 4 3
27 5 1
27 6 0
27 7 1
27 8 2
27 9 1
27 10 0
27 11 0
27 12 2
27 13 0
27 14 3
27 15 0
27 16 1
27 17 0
27 18 0
27 19 2
27 20 0
27 21 2
27 22 2
27 23 0
27 24 3
27 25 1
27 26 0
27 27 2
27 28 0
27 29 0
27 30 0
27 31 0
27 32 4
27 33 0
27 34 0
27 35 0
27 36 0
27 37 1
27 38 1
27 39 0
27 40 0
27 41 0
27 42 0
27 43 2
27 44 0
27 45 0
27 46 0
27 47 0
27 48 0
27 49 0
28 0 6
28 1 0
28 2 2
28 3 1
28 4 1
28 5 1
28 6 0
28 7 0
28 8 3
28 9 1
28 10 6
28 11 2
28 12 4
28 13 0
28 14 1
28 15 0
28 16 0
28 17 1
28 18 0
28 19 0
28 20 2
28 21 4
28 22 1
28 23 0
28 24 1
28 25 0
28 26 0
28 27 3
28 28 0
28 29 0
28 30 1
28 31 1
28 32 5
28 33 2
28 34 0
28 35 3
28 36 1
28 37 1
28 38 1
28 39 4
28 40 0
28 41 0
28 42 0
28 43 0
28 44 0
28 45 1
28 46 2
28 47 0
28 48 1
28 49 1
29 0 3
29 1 0
29 2 2
29 3 1
29 4 0
29 5 1
29 6 0
29 7 0
29 8 1
29 9 0
29 10 1
29 11 0
29 12 4
29 13 1
29 14 0
29 15 0
29 16 0
29 17 0
29 18 0
29 19 1
29 20 1
29 21 2
29 22 1
29 23 1
29 24 2
29 25 1
29 26 0
29 27 0
29 28 1
29 29 0
29 30 0
29 31 3
29 32 1
29 33 2
29 34 0
29 35 0
29 36 0
29 37 3
29 38 2
29 39 1
29 40 0
29 41 0
29 42 0
29 43 0
29 44 0
29 45 0
29 46 0
29 47 0
29 48 0
29 49 0
30 0 6
30 1 0
30 2 0
30 3 0
30 4 1
30 5 1
30 6 0
30 7 1
30 8 0
30 9 2
30 10 2
30 11 2
30 12 4
30 13 1
30 14 0
30 15 0
30 16 2
30 17 1
30 18 0
30 19 3
30 20 0
30 21 2
30 22 3
30 23 0
30 24 1
30 25 0
30 26 1
30 27 1
30 28 0
30 29 0
30 30 0
30 31 0
30 32 0
30 33 3
30 34 1
30 35 0
30 36 0
30 37 1
30 38 1
30 39 0
30 40 1
30 41 0
30 42 0
30 43 1
30 44 0
30 45 0
30 46 0
30 47 0
30 48 0
30 49 0
31 0 11
31 1 0
31 2 4
31 3 2
31 4 4
31 5 0
31 6 1
31 7 0
31 8 6
31 9 4
31 10 13
31 11 5
31 12 12
31 13 1
31 14 0
31 15 0
31 16 4
31 17 0
31 18 1
31 19 4
31 20 5
31 21 10
31 22 7
31 23 0
31 24 11
31 25 2
31 26 2
31 27 5
31 28 1
31 29 0
31 30 0
31 31 6
31 32 13
31 33 1
31 34 1
31 35 4
31 36 0
31 37 2
31 38 9
31 39 3
31 40 0
31 41 5
31 42 0
31 43 1
31 44 0
31 45 4
31 46 1
31 47 0
31 48 1
31 49 1
32 0 18
32 1 1
32 2 9
32 3 3
32 4 10
32 5 0
32 6 0
32 7 3
32 8 6
32 9 2
32 10 22
32 11 8
32 12 14
32 13 2
32 14 4
32 15 0
32 16 3
32 17 0
32 18 3
32 19 8
32 20 6
32 21 9
32 22 12
32 23 0
32 24 13
32 25 1
32 26 0
32 27 3
32 28 2
32 29 0
32 30 0
32 31 8
32 32 10
32 33 4
32 34 0
32 35 3
32 36 2
32 37 7
32 38 5
32 39 2
32 40 0
32 41 0
32 42 0
32 43 2
32 44 0
32 45 3
32 46 1
32 47 0
32 48 2
32 49 0
33 0 18
33 1 0
33 2 9
33 3 6
33 4 5
33 5 1
33 6 0
33 7 9
33 8 7
33 9 5
33 10 21
33 11 4
33 12 16
33 13 3
33 14 1
33 15 0
33 16 8
33 17 0
33 18 2
33 19 6
33 20 1
33 21 8
33 22 8
33 23 4
33 24 13
33 25 6
33 26 0
33 27 16
33 28 2
33 29 0
33 30 0
33 31 7
33 32 20
33 33 2
33 34 0
33 35 1
33 36 0
33 37 6
33 38 7
33 39 2
33 40 3
33 41 1
33 42 0
33 43 3
33 44 0
33 45 2
33 46 2
33 47 0
33 48 1
33 49 0
34 0 16
34 1 0
34 2 6
34 3 8
34 4 4
34 5 0
34 6 4
34 7 3
34 8 8
34 9 3
34 10 21
34 11 6
34 12 10
34 13 3
34 14 1
34 15 1
34 16 8
34 17 0
34 18 3
34 19 7
34 20 4
34 21 13
34 22 9
34 23 0
34 24 9
34 25 4
34 26 0
34 27 6
34 28 4
34 29 0
34 30 0
34 31 14
34 32 19
34 33 3
34 34 0
34 35 6
34 36 1
34 37 9
34 38 5
34 39 7
34 40 0
34 41 1
34 42 0
34 43 1
34 44 0
34 45 3
34 46 1
34 47 0
34 48 0
34 49 0
35 0 6
35 1 0
35 2 1
35 3 2
35 4 3
35 5 1
35 6 1
35 7 2
35 8 7
35 9 1
35 10 11
35 11 1
35 12 4
35 13 1
35 14 1
35 15 0
35 16 6
35 17 0
35 18 0
35 19 3
35 20 2
35 21 3
35 22 5
35 23 0
35 24 3
35 25 3
35 26 0
35 27 0
35 28 1
35 29 0
35 30 0
35 31 8
35 32 2
35 33 0
35 34 0
35 35 2
35 36 0
35 37 3
35 38 2
35 39 2
35 40 0
35 41 0
35 42 0
35 43 0
35 44 0
35 45 1
35 46 1
35 47 0
35 48 0
35 49 0
36 0 1
36 1 0
36 2 1
36 3 0
36 4 0
36 5 0
36 6 0
36 7 0
36 8 0
36 9 1
36 10 4
36 11 2
36 12 4
36 13 0
36 14 0
36 15 1
36 16 2
36 17 0
36 18 0
36 19 4
36 20 0
36 21 1
36 22 0
36 23 0
36 24 0
36 25 0
36 26 2
36 27 0
36 28 1
36 29 0
36 30 0
36 31 1
36 32 1
36 33 0
36 34 0
36 35 0
36 36 0
36 37 1
36 38 0
36 39 0
36 40 0
36 41 1
36 42 0
36 43 0
36 44 0
36 45 0
36 46 1
36 47 0
36 48 0
36 49 0
37 0 0
37 1 0
37 2 0
37 3 0
37 4 0
37 5 1
37 6 0
37 7 0
37 8 1
37 9 1
37 10 1
37 11 1
37 12 1
37 13 1
37 14 0
37 15 0
37 16 0
37 17 0
37 18 0
37 19 0
37 20 0
37 21 0
37 22 0
37 23 0
37 24 2
37 25 0
37 26 1
37 27 0
37 28 0
37 29 0
37 30 0
37 31 0
37 32 2
37 33 0
37 34 0
37 35 0
37 36 0
37 37 0
37 38 1
37 39 0
37 40 0
37 41 2
37 42 0
37 43 0
37 44 0
37 45 1
37 46 0
37 47 0
37 48 0
37 49 0
38 0 1
38 1 0
38 2 1
38 3 0
38 4 0
38 5 0
38 6 0
38 7 0
38 8 2
38 9 0
38 10 0
38 11 0
38 12 0
38 13 0
38 14 0
38 15 0
38 16 1
38 17 0
38 18 0
38 19 1
38 20 1
38 21 0
38 22 0
38 23 0
38 24 3
38 25 0
38 26 0
38 27 0
38 28 0
38 29 0
38 30 0
38 31 0
38 32 3
38 33 0
38 34 0
38 35 1
38 36 1
38 37 0
38 38 0
38 39 0
38 40 0
38 41 0
38 42 0
38 43 1
38 44 0
38 45 0
38 46 1
38 47 0
38 48 0
38 49 0
39 0 1
39 1 0
39 2 2
39 3 1
39 4 1
39 5 0
39 6 0
39 7 2
39 8 4
39 9 2
39 10 3
39 11 3
39 12 2
39 13 1
39 14 1
39 15 0
39 16 0
39 17 1
39 18 2
39 19 2
39 20 1
39 21 4
39 22 3
39 23 1
39 24 5
39 25 2
39 26 1
39 27 1
39 28 0
39 29 0
39 30 0
39 31 1
39 32 1
39 33 1
39 34 0
39 35 3
39 36 0
39 37 0
39 38 0
39 39 1
39 40 1
39 41 0
39 42 0
39 43 2
39 44 0
39 45 0
39 46 0
39 47 0
39 48 0
39 49 0
40 0 2
40 1 0
40 2 0
40 3 2
40 4 0
40 5 1
40 6 0
40 7 1
40 8 3
40 9 0
40 10 1
40 11 1
40 12 2
40 13 0
40 14 0
40 15 2
40 16 0
40 17 0
40 18 1
40 19 0
40 20 0
40 21 1
40 22 1
40 23 0
40 24 0
40 25 1
40 26 0
40 27 2
40 28 0
40 29 0
40 30 0
40 31 1
40 32 3
40 33 1
40 34 0
40 35 1
40 36 1
40 37 1
40 38 1
40 39 2
40 40 0
40 41 0
40 42 0
40 43 0
40 44 0
40 45 1
40 46 0
40 47 0
40 48 0
40 49 0
41 0 0
41 1 0
41 2 1
41 3 0
41 4 0
41 5 0
41 6 0
41 7 0
41 8 0
41 9 0
41 10 1
41 11 0
41 12 0
41 13 0
41 14 0
41 15 0
41 16 0
41 17 0
41 18 1
41 19 2
41 20 1
41 21 0
41 22 0
41 23 1
41 24 0
41 25 0
41 26 0
41 27 0
41 28 0
41 29 0
41 30 0
41 31 0
41 32 0
41 33 0
41 34 0
41 35 0
41 36 0
41 37 0
41 38 0
41 39 1
41 40 0
41 41 0
41 42 0
41 43 0
41 44 0
41 45 1
41 46 0
41 47 0
41 48 0
41 49 0
42 0 0
42 1 0
42 2 1
42 3 0
42 4 0
42 5 0
42 6 0
42 7 0
42 8 0
42 9 0
42 10 1
42 11 0
42 12 1
42 13 0
42 14 0
42 15 0
42 16 0
42 17 0
42 18 0
42 19 0
42 20 0
42 21 0
42 22 1
42 23 0
42 24 1
42 25 1
42 26 0
42 27 0
42 28 0
42 29 0
42 30 0
42 31 1
42 32 0
42 33 1
42 34 0
42 35 0
42 36 0
42 37 0
42 38 0
42 39 1
42 40 0
42 41 0
42 42 0
42 43 0
42 44 0
42 45 0
42 46 0
42 47 0
42 48 0
42 49 0
43 0 3
43 1 0
43 2 2
43 3 1
43 4 2
43 5 0
43 6 0
43 7 0
43 8 0
43 9 1
43 10 2
43 11 3
43 12 2
43 13 1
43 14 1
43 15 0
43 16 0
43 17 1
43 18 0
43 19 2
43 20 0
43 21 0
43 22 0
43 23 0
43 24 2
43 25 0
43 26 0
43 27 0
43 28 0
43 29 0
43 30 0
43 31 3
43 32 1
43 33 1
43 34 0
43 35 0
43 36 0
43 37 0
43 38 1
43 39 0
43 40 0
43 41 1
43 42 0
43 43 1
43 44 0
43 45 1
43 46 0
43 47 0
43 48 0
43 49 0
44 0 1
44 1 0
44 2 2
44 3 3
44 4 0
44 5 0
44 6 0
44 7 1
44 8 5
44 9 2
44 10 1
44 11 5
44 12 1
44 13 0
44 14 1
44 15 1
44 16 1
44 17 0
44 18 1
44 19 1
44 20 2
44 21 1
44 22 6
44 23 1
44 24 3
44 25 0
44 26 1
44 27 1
44 28 0
44 29 0
44 30 0
44 31 2
44 32 2
44 33 0
44 34 0
44 35 0
44 36 0
44 37 1
44 38 1
44 39 2
44 40 0
44 41 0
44 42 0
44 43 2
44 44 0
44 45 0
44 46 2
44 47 0
44 48 0
44 49 0
45 0 6
45 1 0
45 2 1
45 3 1
45 4 1
45 5 0
45 6 0
45 7 0
45 8 1
45 9 1
45 10 3
45 11 2
45 12 1
45 13 0
45 14 1
45 15 2
45 16 3
45 17 0
45 18 0
45 19 0
45 20 1
45 21 3
45 22 2
45 23 0
45 24 4
45 25 1
45 26 0
45 27 2
45 28 2
45 29 0
45 30 0
45 31 0
45 32 2
45 33 0
45 34 0
45 35 3
45 36 0
45 37 1
45 38 1
45 39 1
45 40 1
45 41 2
45 42 0
45 43 0
45 44 0
45 45 0
45 46 1
45 47 0
45 48 0
45 49 0
46 0 0
46 1 0
46 2 2
46 3 2
46 4 3
46 5 1
46 6 0
46 7 0
46 8 1
46 9 1
46 10 1
46 11 4
46 12 2
46 13 0
46 14 0
46 15 0
46 16 2
46 17 0
46 18 0
46 19 2
46 20 1
46 21 4
46 22 0
46 23 0
46 24 0
46 25 1
46 26 1
46 27 1
46 28 0
46 29 0
46 30 0
46 31 0
46 32 1
46 33 0
46 34 0
46 35 1
46 36 0
46 37 2
46 38 1
46 39 3
46 40 0
46 41 0
46 42 0
46 43 2
46 44 0
46 45 0
46 46 0
46 47 0
46 48 0
46 49 0
47 0 2
47 1 0
47 2 3
47 3 0
47 4 1
47 5 1
47 6 0
47 7 0
47 8 2
47 9 0
47 10 1
47 11 2
47 12 3
47 13 1
47 14 0
47 15 0
47 16 1
47 17 0
47 18 1
47 19 1
47 20 4
47 21 1
47 22 1
47 23 2
47 24 3
47 25 1
47 26 0
47 27 2
47 28 1
47 29 0
47 30 0
47 31 1
47 32 1
47 33 0
47 34 0
47 35 0
47 36 0
47 37 1
47 38 0
47 39 2
47 40 0
47 41 0
47 42 0
47 43 4
47 44 0
47 45 1
47 46 2
47 47 0
47 48 0
47 49 0
48 0 1
48 1 0
48 2 2
48 3 0
48 4 0
48 5 0
48 6 0
48 7 1
48 8 1
48 9 2
48 10 2
48 11 3
48 12 5
48 13 0
48 14 0
48 15 0
48 16 1
48 17 0
48 18 0
48 19 3
48 20 0
48 21 0
48 22 0
48 23 1
48 24 1
48 25 2
48 26 0
48 27 2
48 28 0
48 29 0
48 30 0
48 31 1
48 32 1
48 33 0
48 34 0
48 35 3
48 36 0
48 37 1
48 38 2
48 39 1
48 40 1
48 41 0
48 42 0
48 43 0
48 44 0
48 45 1
48 46 0
48 47 0
48 48 0
48 49 1
49 0 3
49 1 0
49 2 1
49 3 1
49 4 1
49 5 2
49 6 1
49 7 1
49 8 2
49 9 0
49 10 0
49 11 1
49 12 2
49 13 0
49 14 0
49 15 1
49 16 0
49 17 0
49 18 0
49 19 0
49 20 2
49 21 1
49 22 0
49 23 0
49 24 1
49 25 0
49 26 0
49 27 3
49 28 0
49 29 0
49 30 0
49 31 1
49 32 2
49 33 1
49 34 0
49 35 0
49 36 1
49 37 0
49 38 5
49 39 1
49 40 0
49 41 0
49 42 0
49 43 0
49 44 0
49 45 1
49 46 0
49 47 0
49 48 0
49 49 0
50 0 2
50 1 0
50 2 0
50 3 1
50 4 4
50 5 0
50 6 0
50 7 4
50 8 3
50 9 0
50 10 2
50 11 0
50 12 0
50 13 1
50 14 2
50 15 0
50 16 2
50 17 0
50 18 0
50 19 0
50 20 0
50 21 1
50 22 1
50 23 0
50 24 1
50 25 2
50 26 0
50 27 1
50 28 0
50 29 0
50 30 0
50 31 0
50 32 2
50 33 0
50 34 0
50 35 0
50 36 0
50 37 1
50 38 0
50 39 2
50 40 0
50 41 1
50 42 0
50 43 2
50 44 0
50 45 0
50 46 1
50 47 0
50 48 1
50 49 0
51 0 3
51 1 0
51 2 2
51 3 2
51 4 3
51 5 0
51 6 0
51 7 1
51 8 1
51 9 0
51 10 2
51 11 0
51 12 3
51 13 1
51 14 0
51 15 1
51 16 1
51 17 0
51 18 3
51 19 1
51 20 1
51 21 0
51 22 1
51 23 2
51 24 0
51 25 0
51 26 1
51 27 3
51 28 3
51 29 0
51 30 0
51 31 0
51 32 3
51 33 1
51 34 0
51 35 2
51 36 0
51 37 3
51 38 0
51 39 1
51 40 0
51 41 2
51 42 0
51 43 3
51 44 0
51 45 2
51 46 1
51 47 1
51 48 0
51 49 0
52 0 0
52 1 0
52 2 2
52 3 0
52 4 4
52 5 3
52 6 2
52 7 4
52 8 4
52 9 1
52 10 1
52 11 0
52 12 2
52 13 1
52 14 2
52 15 1
52 16 0
52 17 1
52 18 3
52 19 0
52 20 3
52 21 1
52 22 0
52 23 0
52 24 0
52 25 1
52 26 0
52 27 1
52 28 0
52 29 0
52 30 1
52 31 0
52 32 2
52 33 0
52 34 0
52 35 2
52 36 0
52 37 4
52 38 3
52 39 1
52 40 0
52 41 2
52 42 2
52 43 1
52 44 0
52 45 0
52 46 0
52 47 0
52 48 0
52 49 0
53 0 1
53 1 0
53 2 0
53 3 2
53 4 5
53 5 1
53 6 0
53 7 1
53 8 2
53 9 1
53 10 3
53 11 0
53 12 1
53 13 3
53 14 3
53 15 1
53 16 3
53 17 0
53 18 0
53 19 0
53 20 1
53 21 1
53 22 1
53 23 1
53 24 2
53 25 4
53 26 0
53 27 6
53 28 2
53 29 0
53 30 0
53 31 2
53 32 2
53 33 0
53 34 0
53 35 0
53 36 0
53 37 7
53 38 0
53 39 0
53 40 0
53 41 3
53 42 0
53 43 3
53 44 0
53 45 1
53 46 1
53 47 0
53 48 0
53 49 0
54 0 2
54 1 0
54 2 1
54 3 1
54 4 7
54 5 2
54 6 0
54 7 7
54 8 7
54 9 2
54 10 3
54 11 3
54 12 2
54 13 3
54 14 0
54 15 1
54 16 6
54 17 1
54 18 1
54 19 1
54 20 3
54 21 4
54 22 1
54 23 0
54 24 1
54 25 7
54 26 0
54 27 3
54 28 1
54 29 0
54 30 0
54 31 2
54 32 3
54 33 0
54 34 0
54 35 2
54 36 0
54 37 4
54 38 3
54 39 0
54 40 1
54 41 1
54 42 0
54 43 6
54 44 0
54 45 2
54 46 2
54 47 0
54 48 2
54 49 0
55 0 3
55 1 2
55 2 4
55 3 4
55 4 4
55 5 3
55 6 1
55 7 7
55 8 5
55 9 7
55 10 3
55 11 1
55 12 6
55 13 3
55 14 2
55 15 1
55 16 4
55 17 1
55 18 0
55 19 2
55 20 7
55 21 1
55 22 1
55 23 0
55 24 3
55 25 5
55 26 1
55 27 10
55 28 2
55 29 0
55 30 0
55 31 2
55 32 8
55 33 1
55 34 0
55 35 3
55 36 0
55 37 7
55 38 2
55 39 4
55 40 1
55 41 2
55 42 1
55 43 8
55 44 0
55 45 4
55 46 2
55 47 0
55 48 1
55 49 1
56 0 5
56 1 0
56 2 5
56 3 6
56 4 7
56 5 0
56 6 1
56 7 4
56 8 1
56 9 1
56 10 5
56 11 2
56 12 4
56 13 3
56 14 2
56 15 2
56 16 6
56 17 0
56 18 3
56 19 2
56 20 3
56 21 3
56 22 5
56 23 0
56 24 8
56 25 4
56 26 0
56 27 9
56 28 1
56 29 0
56 30 1
56 31 6
56 32 6
56 33 2
56 34 0
56 35 4
56 36 0
56 37 6
56 38 3
56 39 3
56 40 2
56 41 2
56 42 2
56 43 3
56 44 0
56 45 0
56 46 4
56 47 0
56 48 0
56 49 1
57 0 4
57 1 0
57 2 5
57 3 3
57 4 17
57 5 3
57 6 1
57 7 6
57 8 7
57 9 4
57 10 3
57 11 2
57 12 9
57 13 3
57 14 2
57 15 2
57 16 3
57 17 0
57 18 3
57 19 4
57 20 4
57 21 2
57 22 4
57 23 1
57 24 3
57 25 5
57 26 2
57 27 9
57 28 3
57 29 0
57 30 0
57 31 1
57 32 1
57 33 1
57 34 0
57 35 0
57 36 2
57 37 5
57 38 2
57 39 2
57 40 2
57 41 4
57 42 0
57 43 6
57 44 0
57 45 2
57 46 5
57 47 0
57 48 1
57 49 1
58 0 0
58 1 1
58 2 7
58 3 2
58 4 8
58 5 3
58 6 1
58 7 9
58 8 5
58 9 7
58 10 2
58 11 3
58 12 8
58 13 8
58 14 3
58 15 1
58 16 4
58 17 1
58 18 1
58 19 8
58 20 6
58 21 2
58 22 4
58 23 2
58 24 7
58 25 4
58 26 0
58 27 11
58 28 3
58 29 0
58 30 0
58 31 7
58 32 9
58 33 6
58 34 0
58 35 3
58 36 0
58 37 8
58 38 4
58 39 4
58 40 0
58 41 1
58 42 0
58 43 8
58 44 0
58 45 1
58 46 5
58 47 2
58 48 5
58 49 1
59 0 6
59 1 3
59 2 6
59 3 7
59 4 18
59 5 3
59 6 1
59 7 2
59 8 7
59 9 12
59 10 5
59 11 2
59 12 10
59 13 7
59 14 0
59 15 3
59 16 2
59 17 0
59 18 2
59 19 2
59 20 6
59 21 9
59 22 10
59 23 3
59 24 7
59 25 3
59 26 0
59 27 8
59 28 1
59 29 0
59 30 0
59 31 3
59 32 1
59 33 6
59 34 0
59 35 2
59 36 0
59 37 3
59 38 4
59 39 5
59 40 3
59 41 1
59 42 1
59 43 6
59 44 0
59 45 1
59 46 4
59 47 0
59 48 0
59 49 0
60 0 5
60 1 6
60 2 4
60 3 1
60 4 17
60 5 1
60 6 0
60 7 5
60 8 5
60 9 13
60 10 5
60 11 2
60 12 10
60 13 11
60 14 4
60 15 1
60 16 7
60 17 1
60 18 2
60 19 5
60 20 8
60 21 4
60 22 8
60 23 3
60 24 6
60 25 7
60 26 1
60 27 4
60 28 2
60 29 0
60 30 1
60 31 6
60 32 14
60 33 10
60 34 0
60 35 4
60 36 2
60 37 3
60 38 2
60 39 1
60 40 2
60 41 3
60 42 1
60 43 8
60 44 0
60 45 2
60 46 2
60 47 0
60 48 2
60 49 1
61 0 7
61 1 6
61 2 7
61 3 4
61 4 9
61 5 4
61 6 1
61 7 8
61 8 6
61 9 10
61 10 4
61 11 1
61 12 17
61 13 6
61 14 1
61 15 1
61 16 1
61 17 2
61 18 3
61 19 7
61 20 12
61 21 2
61 22 10
61 23 0
61 24 4
61 25 7
61 26 0
61 27 4
61 28 1
61 29 0
61 30 0
61 31 6
61 32 7
61 33 9
61 34 0
61 35 6
61 36 1
61 37 7
61 38 5
61 39 3
61 40 1
61 41 0
61 42 0
61 43 11
61 44 0
61 45 1
61 46 3
61 47 0
61 48 2
61 49 2
62 0 6
62 1 8
62 2 14
62 3 4
62 4 13
62 5 2
62 6 0
62 7 11
62 8 5
62 9 9
62 10 4
62 11 2
62 12 12
62 13 4
62 14 8
62 15 0
62 16 2
62 17 0
62 18 4
62 19 13
62 20 7
62 21 3
62 22 9
62 23 1
62 24 12
62 25 1
62 26 0
62 27 7
62 28 1
62 29 0
62 30 0
62 31 8
62 32 7
62 33 9
62 34 0
62 35 5
62 36 3
62 37 5
62 38 7
62 39 5
62 40 1
62 41 1
62 42 1
62 43 4
62 44 0
62 45 4
62 46 1
62 47 1
62 48 2
62 49 6
63 0 5
63 1 8
63 2 14
63 3 5
63 4 11
63 5 3
63 6 1
63 7 6
63 8 7
63 9 8
63 10 3
63 11 3
63 12 11
63 13 6
63 14 4
63 15 2
63 16 7
63 17 1
63 18 1
63 19 12
63 20 9
63 21 4
63 22 9
63 23 2
63 24 8
63 25 3
63 26 0
63 27 1
63 28 1
63 29 0
63 30 1
63 31 4
63 32 10
63 33 8
63 34 0
63 35 3
63 36 1
63 37 5
63 38 7
63 39 1
63 40 2
63 41 3
63 42 0
63 43 12
63 44 0
63 45 0
63 46 2
63 47 0
63 48 1
63 49 2
64 0 1
64 1 9
64 2 11
64 3 4
64 4 8
64 5 1
64 6 1
64 7 4
64 8 9
64 9 12
64 10 1
64 11 4
64 12 9
64 13 8
64 14 2
64 15 1
64 16 4
64 17 1
64 18 0
64 19 9
64 20 7
64 21 5
64 22 11
64 23 1
64 24 9
64 25 2
64 26 1
64 27 10
64 28 1
64 29 0
64 30 0
64 31 2
64 32 11
64 33 11
64 34 0
64 35 7
64 36 1
64 37 4
64 38 5
64 39 3
64 40 1
64 41 2
64 42 1
64 43 7
64 44 0
64 45 5
64 46 1
64 47 0
64 48 0
64 49 1
65 0 3
65 1 9
65 2 5
65 3 2
65 4 8
65 5 3
65 6 1
65 7 5
65 8 4
65 9 7
65 10 4
65 11 2
65 12 8
65 13 14
65 14 3
65 15 3
65 16 6
65 17 0
65 18 3
65 19 6
65 20 12
65 21 1
65 22 8
65 23 0
65 24 10
65 25 2
65 26 1
65 27 5
65 28 0
65 29 0
65 30 0
65 31 4
65 32 9
65 33 3
65 34 1
65 35 9
65 36 1
65 37 8
65 38 6
65 39 0
65 40 1
65 41 2
65 42 2
65 43 11
65 44 0
65 45 3
65 46 1
65 47 0
65 48 1
65 49 0
66 0 2
66 1 6
66 2 6
66 3 3
66 4 7
66 5 2
66 6 2
66 7 3
66 8 3
66 9 11
66 10 3
66 11 3
66 12 8
66 13 7
66 14 5
66 15 0
66 16 3
66 17 1
66 18 0
66 19 8
66 20 7
66 21 5
66 22 14
66 23 1
66 24 9
66 25 5
66 26 0
66 27 6
66 28 0
66 29 0
66 30 0
66 31 7
66 32 5
66 33 10
66 34 0
66 35 4
66 36 1
66 37 6
66 38 4
66 39 4
66 40 2
66 41 0
66 42 1
66 43 7
66 44 0
66 45 5
66 46 3
66 47 0
66 48 0
66 49 2
67 0 2
67 1 17
67 2 6
67 3 8
67 4 8
67 5 2
67 6 1
67 7 4
67 8 3
67 9 7
67 10 5
67 11 3
67 12 12
67 13 3
67 14 4
67 15 2
67 16 4
67 17 0
67 18 5
67 19 7
67 20 8
67 21 3
67 22 9
67 23 2
67 24 11
67 25 3
67 26 0
67 27 6
67 28 1
67 29 0
67 30 1
67 31 3
67 32 7
67 33 9
67 34 0
67 35 3
67 36 0
67 37 3
67 38 3
67 39 2
67 40 0
67 41 0
67 42 0
67 43 2
67 44 0
67 45 2
67 46 2
67 47 1
67 48 0
67 49 1
68 0 5
68 1 12
68 2 11
68 3 5
68 4 5
68 5 0
68 6 0
68 7 4
68 8 1
68 9 4
68 10 1
68 11 2
68 12 8
68 13 3
68 14 1
68 15 2
68 16 2
68 17 0
68 18 3
68 19 10
68 20 7
68 21 2
68 22 7
68 23 2
68 24 6
68 25 5
68 26 1
68 27 5
68 28 1
68 29 0
68 30 0
68 31 1
68 32 8
68 33 5
68 34 0
68 35 5
68 36 1
68 37 3
68 38 6
68 39 2
68 40 2
68 41 2
68 42 0
68 43 6
68 44 0
68 45 2
68 46 3
68 47 0
68 48 1
68 49 2
69 0 7
69 1 14
69 2 10
69 3 10
69 4 14
69 5 6
69 6 1
69 7 10
69 8 5
69 9 11
69 10 3
69 11 1
69 12 16
69 13 2
69 14 2
69 15 2
69 16 8
69 17 3
69 18 4
69 19 16
69 20 8
69 21 7
69 22 13
69 23 1
69 24 13
69 25 7
69 26 1
69 27 7
69 28 5
69 29 0
69 30 1
69 31 4
69 32 8
69 33 9
69 34 0
69 35 11
69 36 2
69 37 1
69 38 5
69 39 0
69 40 1
69 41 6
69 42 0
69 43 9
69 44 0
69 45 4
69 46 1
69 47 1
69 48 1
69 49 9
70 0 3
70 1 20
70 2 14
70 3 6
70 4 13
70 5 1
70 6 1
70 7 7
70 8 9
70 9 9
70 10 3
70 11 5
70 12 17
70 13 5
70 14 4
70 15 3
70 16 7
70 17 3
70 18 2
70 19 10
70 20 10
70 21 8
70 22 12
70 23 1
70 24 5
70 25 10
70 26 1
70 27 6
70 28 0
70 29 0
70 30 1
70 31 5
70 32 10
70 33 8
70 34 0
70 35 7
70 36 2
70 37 8
70 38 5
70 39 2
70 40 2
70 41 5
70 42 2
70 43 9
70 44 0
70 45 3
70 46 4
70 47 0
70 48 1
70 49 6
71 0 5
71 1 20
71 2 9
71 3 11
71 4 3
71 5 2
71 6 0
71 7 3
71 8 3
71 9 5
71 10 4
71 11 5
71 12 6
71 13 4
71 14 1
71 15 1
71 16 11
71 17 2
71 18 0
71 19 13
71 20 7
71 21 5
71 22 8
71 23 3
71 24 10
71 25 8
71 26 0
71 27 7
71 28 0
71 29 1
71 30 0
71 31 3
71 32 4
71 33 12
71 34 0
71 35 6
71 36 2
71 37 2
71 38 6
71 39 7
71 40 4
71 41 4
71 42 0
71 43 9
71 44 0
71 45 4
71 46 2
71 47 0
71 48 1
71 49 3
72 0 2
72 1 10
72 2 7
72 3 2
72 4 4
72 5 2
72 6 3
72 7 3
72 8 5
72 9 8
72 10 4
72 11 0
72 12 11
72 13 5
72 14 2
72 15 3
72 16 5
72 17 0
72 18 4
72 19 10
72 20 7
72 21 4
72 22 1
72 23 2
72 24 9
72 25 4
72 26 1
72 27 0
72 28 1
72 29 0
72 30 0
72 31 4
72 32 3
72 33 12
72 34 0
72 35 14
72 36 1
72 37 6
72 38 2
72 39 1
72 40 1
72 41 2
72 42 0
72 43 3
72 44 0
72 45 4
72 46 0
72 47 0
72 48 1
72 49 3
73 0 1
73 1 14
73 2 12
73 3 3
73 4 5
73 5 1
73 6 0
73 7 1
73 8 3
73 9 7
73 10 5
73 11 5
73 12 5
73 13 7
73 14 2
73 15 4
73 16 5
73 17 0
73 18 2
73 19 10
73 20 6
73 21 0
73 22 1
73 23 1
73 24 6
73 25 3
73 26 0
73 27 3
73 28 5
73 29 0
73 30 0
73 31 3
73 32 3
73 33 7
73 34 0
73 35 5
73 36 1
73 37 3
73 38 1
73 39 0
73 40 1
73 41 2
73 42 0
73 43 4
73 44 0
73 45 1
73 46 0
73 47 0
73 48 1
73 49 0
74 0 4
74 1 6
74 2 10
74 3 7
74 4 5
74 5 3
74 6 1
74 7 4
74 8 3
74 9 7
74 10 2
74 11 1
74 12 0
74 13 11
74 14 2
74 15 2
74 16 0
74 17 2
74 18 3
74 19 12
74 20 11
74 21 6
74 22 10
74 23 1
74 24 8
74 25 3
74 26 0
74 27 7
74 28 0
74 29 0
74 30 0
74 31 0
74 32 7
74 33 11
74 34 0
74 35 3
74 36 1
74 37 2
74 38 4
74 39 4
74 40 0
74 41 3
74 42 1
74 43 2
74 44 0
74 45 3
74 46 0
74 47 0
74 48 1
74 49 3
75 0 5
75 1 6
75 2 6
75 3 2
75 4 4
75 5 2
75 6 0
75 7 6
75 8 5
75 9 5
75 10 4
75 11 5
75 12 9
75 13 4
75 14 4
75 15 0
75 16 4
75 17 1
75 18 1
75 19 14
75 20 6
75 21 1
75 22 6
75 23 0
75 24 9
75 25 5
75 26 2
75 27 2
75 28 4
75 29 1
75 30 1
75 31 3
75 32 2
75 33 6
75 34 0
75 35 8
75 36 2
75 37 2
75 38 4
75 39 0
75 40 0
75 41 4
75 42 0
75 43 0
75 44 0
75 45 1
75 46 1
75 47 0
75 48 0
75 49 0
76 0 3
76 1 7
76 2 11
76 3 1
76 4 4
76 5 1
76 6 4
76 7 1
76 8 4
76 9 7
76 10 2
76 11 5
76 12 6
76 13 9
76 14 1
76 15 0
76 16 3
76 17 1
76 18 3
76 19 10
76 20 4
76 21 4
76 22 1
76 23 1
76 24 9
76 25 5
76 26 1
76 27 3
76 28 1
76 29 1
76 30 0
76 31 4
76 32 3
76 33 8
76 34 0
76 35 3
76 36 2
76 37 0
76 38 7
76 39 3
76 40 0
76 41 4
76 42 0
76 43 3
76 44 0
76 45 0
76 46 1
76 47 0
76 48 0
76 49 1
77 0 6
77 1 4
77 2 9
77 3 2
77 4 8
77 5 2
77 6 0
77 7 5
77 8 3
77 9 8
77 10 2
77 11 3
77 12 2
77 13 11
77 14 3
77 15 1
77 16 1
77 17 0
77 18 2
77 19 10
77 20 1
77 21 2
77 22 5
77 23 1
77 24 9
77 25 1
77 26 1
77 27 5
77 28 4
77 29 0
77 30 0
77 31 2
77 32 5
77 33 7
77 34 0
77 35 3
77 36 0
77 37 3
77 38 5
77 39 3
77 40 2
77 41 1
77 42 1
77 43 1
77 44 0
77 45 1
77 46 1
77 47 0
77 48 0
77 49 4
78 0 3
78 1 5
78 2 5
78 3 2
78 4 2
78 5 6
78 6 1
78 7 4
78 8 5
78 9 5
78 10 3
78 11 3
78 12 5
78 13 2
78 14 1
78 15 0
78 16 3
78 17 1
78 18 2
78 19 12
78 20 11
78 21 2
78 22 4
78 23 1
78 24 6
78 25 6
78 26 0
78 27 7
78 28 0
78 29 0
78 30 1
78 31 1
78 32 10
78 33 8
78 34 0
78 35 3
78 36 1
78 37 4
78 38 7
78 39 2
78 40 2
78 41 3
78 42 0
78 43 4
78 44 0
78 45 4
78 46 2
78 47 0
78 48 2
78 49 0
79 0 4
79 1 9
79 2 24
79 3 11
79 4 5
79 5 3
79 6 0
79 7 9
79 8 5
79 9 14
79 10 4
79 11 5
79 12 15
79 13 11
79 14 9
79 15 2
79 16 3
79 17 3
79 18 4
79 19 20
79 20 10
79 21 6
79 22 7
79 23 5
79 24 11
79 25 8
79 26 0
79 27 4
79 28 6
79 29 0
79 30 3
79 31 4
79 32 14
79 33 12
79 34 0
79 35 6
79 36 0
79 37 2
79 38 7
79 39 2
79 40 3
79 41 2
79 42 1
79 43 9
79 44 1
79 45 4
79 46 2
79 47 1
79 48 2
79 49 3
80 0 0
80 1 0
80 2 0
80 3 0
80 4 0
80 5 0
80 6 0
80 7 0
80 8 0
80 9 0
80 10 0
80 11 0
80 12 0
80 13 0
80 14 0
80 15 0
80 16 0
80 17 0
80 18 0
80 19 0
80 20 0
80 21 0
80 22 0
80 23 0
80 24 0
80 25 0
80 26 0
80 27 0
80 28 0
80 29 0
80 30 0
80 31 0
80 32 0
80 33 0
80 34 0
80 35 0
80 36 0
80 37 0
80 38 0
80 39 0
80 40 0
80 41 0
80 42 0
80 43 0
80 44 0
80 45 0
80 46 0
80 47 0
80 48 0
80 49 0
81 0 0
81 1 0
81 2 0
81 3 0
81 4 0
81 5 0
81 6 0
81 7 0
81 8 0
81 9 0
81 10 0
81 11 0
81 12 0
81 13 0
81 14 0
81 15 0
81 16 0
81 17 0
81 18 0
81 19 0
81 20 0
81 21 0
81 22 0
81 23 0
81 24 0
81 25 0
81 26 0
81 27 0
81 28 0
81 29 0
81 30 0
81 31 0
81 32 0
81 33 0
81 34 0
81 35 0
81 36 0
81 37 0
81 38 0
81 39 0
81 40 0
81 41 0
81 42 0
81 43 0
81 44 0
81 45 0
81 46 0
81 47 0
81 48 0
81 49 0
82 0 0
82 1 0
82 2 0
82 3 0
82 4 0
82 5 0
82 6 0
82 7 0
82 8 0
82 9 0
82 10 0
82 11 0
82 12 0
82 13 0
82 14 0
82 15 0
82 16 0
82 17 0
82 18 0
82 19 0
82 20 0
82 21 0
82 22 0
82 23 0
82 24 0
82 25 0
82 26 0
82 27 0
82 28 0
82 29 0
82 30 0
82 31 0
82 32 0
82 33 0
82 34 0
82 35 0
82 36 0
82 37 0
82 38 0
82 39 0
82 40 0
82 41 0
82 42 0
82 43 0
82 44 0
82 45 0
82 46 0
82 47 0
82 48 0
82 49 0
83 0 0
83 1 0
83 2 0
83 3 0
83 4 0
83 5 0
83 6 0
83 7 0
83 8 0
83 9 0
83 10 0
83 11 0
83 12 0
83 13 0
83 14 0
83 15 0
83 16 0
83 17 0
83 18 0
83 19 0
83 20 0
83 21 0
83 22 0
83 23 0
83 24 0
83 25 0
83 26 0
83 27 0
83 28 0
83 29 0
83 30 0
83 31 0
83 32 0
83 33 0
83 34 0
83 35 0
83 36 0
83 37 0
83 38 0
83 39 0
83 40 0
83 41 0
83 42 0
83 43 0
83 44 0
83 45 0
83 46 0
83 47 0
83 48 0
83 49 0
84 0 0
84 1 0
84 2 0
84 3 0
84 4 0
84 5 0
84 6 0
84 7 0
84 8 0
84 9 0
84 10 0
84 11 0
84 12 0
84 13 0
84 14 0
84 15 0
84 16 0
84 17 0
84 18 0
84 19 0
84 20 0
84 21 0
84 22 0
84 23 0
84 24 0
84 25 0
84 26 0
84 27 0
84 28 0
84 29 0
84 30 0
84 31 0
84 32 0
84 33 0
84 34 0
84 35 0
84 36 0
84 37 0
84 38 0
84 39 0
84 40 0
84 41 0
84 42 0
84 43 0
84 44 0
84 45 0
84 46 0
84 47 0
84 48 0
84 49 0
85 0 0
85 1 0
85 2 0
85 3 0
85 4 0
85 5 0
85 6 0
85 7 0
85 8 0
85 9 0
85 10 0
85 11 0
85 12 0
85 13 0
85 14 0
85 15 0
85 16 0
85 17 0
85 18 0
85 19 0
85 20 0
85 21 0
85 22 0
85 23 0
85 24 0
85 25 0
85 26 0
85 27 0
85 28 0
85 29 0
85 30 0
85 31 0
85 32 0
85 33 0
85 34 0
85 35 0
85 36 0
85 37 0
85 38 0
85 39 0
85 40 0
85 41 0
85 42 0
85 43 0
85 44 0
85 45 0
85 46 0
85 47 0
85 48 0
85 49 0
86 0 0
86 1 0
86 2 0
86 3 0
86 4 0
86 5 0
86 6 0
86 7 0
86 8 0
86 9 0
86 10 0
86 11 0
86 12 0
86 13 0
86 14 0
86 15 0
86 16 0
86 17 0
86 18 0
86 19 0
86 20 0
86 21 0
86 22 0
86 23 0
86 24 0
86 25 0
86 26 0
86 27 0
86 28 0
86 29 0
86 30 0
86 31 0
86 32 0
86 33 0
86 34 0
86 35 0
86 36 0
86 37 0
86 38 0
86 39 0
86 40 0
86 41 0
86 42 0
86 43 0
86 44 0
86 45 0
86 46 0
86 47 0
86 48 0
86 49 0
87 0 0
87 1 0
87 2 0
87 3 0
87 4 0
87 5 0
87 6 0
87 7 0
87 8 0
87 9 0
87 10 0
87 11 0
87 12 0
87 13 0
87 14 0
87 15 0
87 16 0
87 17 0
87 18 0
87 19 0
87 20 0
87 21 0
87 22 0
87 23 0
87 24 0
87 25 0
87 26 0
87 27 0
87 28 0
87 29 0
87 30 0
87 31 0
87 32 0
87 33 0
87 34 0
87 35 0
87 36 0
87 37 0
87 38 0
87 39 0
87 40 0
87 41 0
87 42 0
87 43 0
87 44 0
87 45 0
87 46 0
87 47 0
87 48 0
87 49 0
88 0 0
88 1 0
88 2 0
88 3 0
88 4 0
88 5 0
88 6 0
88 7 0
88 8 0
88 9 0
88 10 0
88 11 0
88 12 0
88 13 0
88 14 0
88 15 0
88 16 0
88 17 0
88 18 0
88 19 0
88 20 0
88 21 0
88 22 0
88 23 0
88 24 0
88 25 0
88 26 0
88 27 0
88 28 0
88 29 0
88 30 0
88 31 0
88 32 0
88 33 0
88 34 0
88 35 0
88 36 0
88 37 0
88 38 0
88 39 0
88 40 0
88 41 0
88 42 0
88 43 0
88 44 0
88 45 0
88 46 0
88 47 0
88 48 0
88 49 0
89 0 0
89 1 0
89 2 0
89 3 0
89 4 0
89 5 0
89 6 0
89 7 0
89 8 0
89 9 0
89 10 0
89 11 0
89 12 0
89 13 0
89 14 0
89 15 0
89 16 0
89 17 0
89 18 0
89 19 0
89 20 0
89 21 0
89 22 0
89 23 0
89 24 0
89 25 0
89 26 0
89 27 0
89 28 0
89 29 0
89 30 0
89 31 0
89 32 0
89 33 0
89 34 0
89 35 0
89 36 0
89 37 0
89 38 0
89 39 0
89 40 0
89 41 0
89 42 0
89 43 0
89 44 0
89 45 0
89 46 0
89 47 0
89 48 0
89 49 0
90 0 0
90 1 0
90 2 0
90 3 0
90 4 0
90 5 0
90 6 0
90 7 0
90 8 0
90 9 0
90 10 0
90 11 0
90 12 0
90 13 0
90 14 0
90 15 0
90 16 0
90 17 0
90 18 0
90 19 0
90 20 0
90 21 0
90 22 0
90 23 0
90 24 0
90 25 0
90 26 0
90 27 0
90 28 0
90 29 0
90 30 0
90 31 0
90 32 0
90 33 0
90 34 0
90 35 0
90 36 0
90 37 0
90 38 0
90 39 0
90 40 0
90 41 0
90 42 0
90 43 0
90 44 0
90 45 0
90 46 0
90 47 0
90 48 0
90 49 0
91 0 0
91 1 0
91 2 0
91 3 0
91 4 0
91 5 0
91 6 0
91 7 0
91 8 0
91 9 0
91 10 0
91 11 0
91 12 0
91 13 0
91 14 0
91 15 0
91 16 0
91 17 0
91 18 0
91 19 0
91 20 0
91 21 0
91 22 0
91 23 0
91 24 0
91 25 0
91 26 0
91 27 0
91 28 0
91 29 0
91 30 0
91 31 0
91 32 0
91 33 0
91 34 0
91 35 0
91 36 0
91 37 0
91 38 0
91 39 0
91 40 0
91 41 0
91 42 0
91 43 0
91 44 0
91 45 0
91 46 0
91 47 0
91 48 0
91 49 0
92 0 0
92 1 0
92 2 0
92 3 0
92 4 0
92 5 0
92 6 0
92 7 0
92 8 0
92 9 0
92 10 0
92 11 0
92 12 0
92 13 0
92 14 0
92 15 0
92 16 0
92 17 0
92 18 0
92 19 0
92 20 0
92 21 0
92 22 0
92 23 0
92 24 0
92 25 0
92 26 0
92 27 0
92 28 0
92 29 0
92 30 0
92 31 0
92 32 0
92 33 0
92 34 0
92 35 0
92 36 0
92 37 0
92 38 0
92 39 0
92 40 0
92 41 0
92 42 0
92 43 0
92 44 0
92 45 0
92 46 0
92 47 0
92 48 0
92 49 0
93 0 0
93 1 0
93 2 0
93 3 0
93 4 0
93 5 0
93 6 0
93 7 0
93 8 0
93 9 0
93 10 0
93 11 0
93 12 0
93 13 0
93 14 0
93 15 0
93 16 0
93 17 0
93 18 0
93 19 0
93 20 0
93 21 0
93 22 0
93 23 0
93 24 0
93 25 0
93 26 0
93 27 0
93 28 0
93 29 0
93 30 0
93 31 0
93 32 0
93 33 0
93 34 0
93 35 0
93 36 0
93 37 0
93 38 0
93 39 0
93 40 0
93 41 0
93 42 0
93 43 0
93 44 0
93 45 0
93 46 0
93 47 0
93 48 0
93 49 0
94 0 0
94 1 0
94 2 0
94 3 0
94 4 0
94 5 0
94 6 0
94 7 0
94 8 0
94 9 0
94 10 0
94 11 0
94 12 0
94 13 0
94 14 0
94 15 0
94 16 0
94 17 0
94 18 0
94 19 0
94 20 0
94 21 0
94 22 0
94 23 0
94 24 0
94 25 0
94 26 0
94 27 0
94 28 0
94 29 0
94 30 0
94 31 0
94 32 0
94 33 0
94 34 0
94 35 0
94 36 0
94 37 0
94 38 0
94 39 0
94 40 0
94 41 0
94 42 0
94 43 0
94 44 0
94 45 0
94 46 0
94 47 0
94 48 0
94 49 0
95 0 0
95 1 0
95 2 0
95 3 0
95 4 0
95 5 0
95 6 0
95 7 0
95 8 0
95 9 0
95 10 0
95 11 0
95 12 0
95 13 0
95 14 0
95 15 0
95 16 0
95 17 0
95 18 0
95 19 0
95 20 0
95 21 0
95 22 0
95 23 0
95 24 0
95 25 0
95 26 0
95 27 0
95 28 0
95 29 0
95 30 0
95 31 0
95 32 0
95 33 0
95 34 0
95 35 0
95 36 0
95 37 0
95 38 0
95 39 0
95 40 0
95 41 0
95 42 0
95 43 0
95 44 0
95 45 0
95 46 0
95 47 0
95 48 0
95 49 0
