0 109
0 44
0 191
0 115
0 160
0 15
0 71
0 173
0 54
0 147
0 106
0 160
0 83
0 126
0 52
0 181
0 166
0 147
0 81
0 53
0 152
0 53
0 166
0 170
0 148
0 106
0 103
0 42
0 19
0 2
0 98
0 122
0 133
0 2
0 48
0 101
1 2
1 180
1 10
1 22
1 115
1 129
1 24
1 43
1 161
1 151
1 85
1 37
1 134
1 159
1 119
1 119
1 48
1 1
1 115
1 166
1 71
1 45
1 133
1 36
1 192
1 149
1 20
1 110
1 118
1 52
1 72
1 175
1 1
1 161
1 163
1 11
2 108
2 140
2 1
2 36
2 183
2 71
2 54
2 66
2 71
2 8
2 62
2 8
2 16
2 134
2 27
2 169
2 16
2 36
2 189
2 54
2 18
2 115
2 103
2 154
2 98
2 98
2 0
2 94
2 186
2 166
2 186
2 139
2 28
2 186
2 173
3 1
3 10
3 151
3 167
3 166
3 54
3 48
3 125
3 37
3 2
3 1
3 2
3 25
3 23
3 54
3 129
3 43
3 47
3 7
3 71
3 75
3 26
3 144
3 37
3 166
3 23
3 189
3 167
3 83
3 142
3 133
3 161
3 125
3 42
3 11
4 159
4 83
4 147
4 143
4 103
4 2
4 89
4 177
4 145
4 96
4 161
4 98
4 1
4 161
4 118
4 163
4 75
4 156
4 18
4 36
4 54
4 161
4 36
4 146
4 66
4 146
4 48
4 42
4 152
4 35
4 42
4 188
4 96
5 22
5 44
5 23
5 1
5 48
5 167
5 98
5 119
5 36
5 1
5 1
5 152
5 11
5 135
5 163
5 93
5 94
5 130
5 51
5 146
5 42
5 1
5 22
5 145
5 54
5 43
5 130
5 16
5 75
5 15
5 37
5 16
5 144
5 1
5 131
5 22
5 93
5 43
5 167
6 161
6 8
6 23
6 70
6 79
6 9
6 43
6 37
6 22
6 120
6 48
6 161
6 2
6 117
6 1
6 171
6 133
6 1
6 48
6 53
6 56
6 145
6 16
6 22
6 90
6 23
6 83
6 101
6 173
6 182
6 19
6 139
6 146
6 39
6 161
6 12
6 102
6 60
6 186
6 136
6 103
6 64
7 33
7 18
7 27
7 94
7 152
7 56
7 25
7 69
7 51
7 185
7 3
7 163
7 48
7 54
7 0
7 48
7 163
7 115
7 144
7 189
7 189
7 42
7 66
7 118
7 75
7 145
7 94
7 1
7 147
7 67
7 189
7 129
7 16
7 149
7 1
7 142
7 130
7 2
7 15
7 131
7 9
7 146
7 33
7 146
7 175
8 118
8 97
8 4
8 51
8 1
8 163
8 161
8 118
8 98
8 1
8 162
8 56
8 120
8 44
8 2
8 96
8 0
8 90
8 31
8 151
8 171
8 71
8 11
8 63
8 16
8 35
8 67
8 119
8 66
8 79
8 16
8 1
8 117
8 78
8 152
8 48
8 103
8 0
9 161
9 1
9 161
9 43
9 149
9 22
9 147
9 189
9 121
9 1
9 91
9 147
9 190
9 10
9 147
9 22
9 186
9 22
9 150
9 75
9 170
9 79
9 162
9 14
9 91
9 118
9 110
9 188
9 189
9 161
9 147
9 149
9 42
9 119
9 119
9 20
9 162
10 189
10 47
10 3
10 1
10 24
10 34
10 180
10 14
10 0
10 170
10 102
10 55
10 2
10 116
10 54
10 147
10 189
10 48
10 190
10 142
10 94
10 21
10 39
10 13
10 71
10 130
10 34
10 98
10 80
10 145
10 18
10 79
10 115
10 189
10 11
10 152
10 102
10 159
10 48
10 152
10 42
10 15
10 118
10 54
11 87
11 24
11 140
11 131
11 146
11 49
11 166
11 1
11 83
11 53
11 118
11 145
11 48
11 0
11 167
11 154
11 56
11 33
11 16
11 140
11 186
11 163
11 163
11 7
11 145
11 149
11 98
11 146
11 90
11 2
11 115
11 24
11 93
11 98
11 161
11 8
11 43
11 142
11 156
11 53
11 0
11 15
11 147
11 54
11 96
11 44
11 48
11 154
12 144
12 194
12 1
12 2
12 12
12 23
12 71
12 1
12 110
12 43
12 142
12 83
12 42
12 27
12 53
12 98
12 89
12 98
12 36
12 62
12 33
12 56
12 144
12 1
12 51
12 163
12 81
12 0
12 71
12 118
12 80
12 161
12 170
12 140
12 79
12 68
12 23
12 125
12 98
12 163
12 156
12 80
12 167
12 142
13 20
13 129
13 97
13 1
13 103
13 19
13 66
13 143
13 1
13 114
13 167
13 183
13 66
13 3
13 39
13 48
13 70
13 23
13 161
13 68
13 98
13 53
13 118
13 96
13 140
13 1
13 13
13 52
13 20
13 147
13 181
13 192
13 98
13 118
13 118
14 164
14 15
14 160
14 119
14 189
14 152
14 69
14 170
14 189
14 48
14 80
14 59
14 79
14 161
14 115
14 120
14 96
14 151
14 90
14 2
14 23
14 67
14 48
14 11
14 165
14 84
14 33
14 66
14 70
14 183
14 149
14 69
14 73
14 83
14 146
14 8
14 67
14 189
14 166
14 144
14 11
14 163
15 2
15 79
15 84
15 63
15 84
15 59
15 2
15 149
15 115
15 167
15 3
15 7
15 47
15 42
15 69
15 144
15 66
15 89
15 129
15 186
15 144
15 52
15 148
15 147
15 2
15 29
15 152
15 162
15 189
15 89
15 149
15 135
15 71
15 156
15 161
15 89
15 91
15 11
15 161
15 80
15 79
15 118
15 115
16 160
16 79
16 35
16 45
16 10
16 1
16 98
16 8
16 144
16 115
16 28
16 189
16 61
16 59
16 22
16 133
16 14
16 7
16 160
16 147
16 112
16 1
16 2
16 181
16 19
16 139
16 15
16 167
16 23
16 23
16 48
16 167
16 170
16 119
16 73
16 101
16 143
16 1
16 23
16 143
16 102
16 167
16 129
16 44
17 98
17 14
17 54
17 101
17 135
17 161
17 133
17 7
17 9
17 71
17 98
17 136
17 146
17 163
17 22
17 71
17 167
17 142
17 81
17 159
17 161
17 7
17 151
17 94
17 143
17 71
17 4
17 94
17 61
17 23
17 7
17 164
17 24
17 54
17 2
17 96
17 79
17 71
17 189
17 151
17 171
17 55
18 84
18 163
18 96
18 152
18 71
18 80
18 54
18 23
18 2
18 118
18 144
18 183
18 168
18 16
18 163
18 171
18 118
18 7
18 15
18 136
18 73
18 171
18 146
18 85
18 102
18 145
18 162
18 156
18 96
18 98
18 146
18 119
18 145
18 148
18 161
18 70
18 2
18 165
18 149
18 28
18 8
18 1
18 139
18 122
18 2
18 111
18 188
18 128
18 190
19 22
19 151
19 42
19 162
19 22
19 131
19 71
19 70
19 11
19 118
19 119
19 18
19 167
19 189
19 147
19 102
19 12
19 27
19 1
19 144
19 166
19 81
19 156
19 23
19 48
19 8
19 161
19 48
19 59
19 186
19 147
19 160
19 154
19 126
19 54
19 43
19 161
19 140
19 36
19 144
19 81
19 85
19 59
19 144
20 1
20 63
20 136
20 51
20 144
20 151
20 23
20 79
20 135
20 119
20 102
20 97
20 36
20 69
20 91
20 183
20 147
20 16
20 160
20 8
20 143
20 42
20 131
20 23
20 146
20 59
20 3
20 131
20 161
20 47
20 143
20 35
20 27
20 48
20 131
20 181
20 83
20 135
20 54
20 142
20 20
20 80
20 59
20 111
21 31
21 23
21 126
21 79
21 128
21 162
21 89
21 80
21 133
21 183
21 163
21 67
21 79
21 161
21 48
21 48
21 183
21 142
21 1
21 44
21 152
21 98
21 103
21 23
21 136
21 84
21 154
21 59
21 79
21 164
21 70
21 71
21 81
21 129
21 148
21 111
21 54
21 122
21 163
21 155
21 6
21 118
22 27
22 81
22 87
22 81
22 48
22 48
22 1
22 111
22 53
22 168
22 51
22 43
22 89
22 84
22 152
22 102
22 146
22 67
22 36
22 23
22 98
22 139
22 2
22 133
22 161
22 102
22 53
22 89
22 163
22 128
22 144
22 189
22 129
22 111
22 94
22 23
22 1
22 166
22 96
22 161
22 117
22 22
22 118
22 89
22 71
22 144
22 7
22 23
22 48
22 91
22 136
22 129
22 151
23 125
23 37
23 33
23 12
23 102
23 133
23 2
23 40
23 43
23 71
23 156
23 66
23 48
23 59
23 75
23 152
23 23
23 31
23 59
23 48
23 133
23 166
23 75
23 165
23 16
23 125
23 98
23 2
23 67
23 89
23 102
23 166
23 146
23 158
23 165
23 34
23 189
23 36
23 23
23 18
23 113
23 173
23 122
23 168
23 159
23 32
23 67
23 79
24 81
24 98
24 183
24 183
24 52
24 22
24 188
24 161
24 49
24 129
24 71
24 12
24 142
24 125
24 83
24 91
24 149
24 98
24 49
24 63
24 37
24 152
24 151
24 191
24 119
24 173
24 87
24 71
24 83
24 152
24 89
24 96
24 98
24 3
24 16
24 160
24 144
24 48
24 54
24 48
24 122
24 102
24 51
24 146
24 51
24 39
24 120
24 48
25 16
25 7
25 167
25 42
25 101
25 152
25 79
25 2
25 134
25 146
25 16
25 115
25 146
25 154
25 20
25 152
25 133
25 1
25 96
25 71
25 98
25 81
25 8
25 8
25 148
25 130
25 98
25 194
25 79
25 118
25 144
25 152
25 169
25 133
25 28
25 151
25 152
25 37
25 71
25 54
25 173
25 42
25 53
25 3
25 2
25 8
25 33
25 171
25 189
25 166
25 129
26 152
26 169
26 84
26 190
26 150
26 167
26 67
26 166
26 2
26 2
26 103
26 55
26 79
26 186
26 28
26 189
26 89
26 48
26 161
26 112
26 144
26 133
26 2
26 18
26 19
26 171
26 25
26 7
26 120
26 161
26 2
26 27
26 2
26 66
26 144
26 8
26 118
26 147
26 67
26 144
26 20
26 23
26 170
26 91
26 101
27 89
27 31
27 9
27 122
27 32
27 136
27 42
27 166
27 145
27 47
27 23
27 186
27 63
27 48
27 33
27 22
27 54
27 189
27 101
27 15
27 91
27 69
27 59
27 71
27 2
27 75
27 20
27 81
27 11
27 71
27 44
27 12
27 49
27 36
27 163
27 129
27 176
27 33
27 129
27 7
27 181
27 129
27 80
27 119
27 22
27 152
27 66
27 181
28 67
28 34
28 2
28 1
28 52
28 146
28 189
28 48
28 49
28 35
28 146
28 149
28 118
28 164
28 167
28 186
28 167
28 0
28 48
28 16
28 134
28 146
28 163
28 11
28 144
28 189
28 71
28 166
28 170
28 7
28 134
28 49
28 47
28 83
28 3
28 16
28 89
28 2
28 1
28 64
28 36
28 71
28 90
28 96
28 79
28 118
28 59
28 96
28 151
28 0
28 144
28 59
28 161
29 79
29 22
29 48
29 35
29 28
29 70
29 10
29 98
29 100
29 120
29 22
29 8
29 2
29 182
29 122
29 173
29 98
29 1
29 71
29 27
29 189
29 36
29 151
29 8
29 166
29 129
29 3
29 16
29 144
29 118
29 80
29 48
29 3
29 66
29 84
29 167
29 37
29 93
29 177
29 182
29 177
29 16
29 161
29 161
29 73
29 166
29 42
29 102
29 118
30 133
30 43
30 11
30 64
30 101
30 6
30 91
30 1
30 1
30 115
30 10
30 33
30 63
30 0
30 144
30 80
30 75
30 28
30 48
30 42
30 96
30 144
30 75
30 22
30 16
30 118
30 98
30 80
30 22
30 84
30 188
30 66
30 6
30 10
30 101
30 1
30 134
30 27
30 161
30 63
30 51
30 19
30 18
30 27
30 151
30 10
30 11
30 108
30 53
30 2
30 81
31 148
31 59
31 56
31 189
31 43
31 102
31 146
31 56
31 166
31 173
31 10
31 89
31 35
31 133
31 44
31 183
31 173
31 109
31 161
31 137
31 3
31 139
31 185
31 1
31 33
31 27
31 33
31 9
31 33
31 42
31 2
31 16
31 116
31 71
31 143
31 112
31 166
31 2
31 16
31 181
31 22
31 130
31 80
31 161
31 186
31 144
32 64
32 49
32 63
32 161
32 11
32 165
32 106
32 119
32 22
32 188
32 70
32 67
32 167
32 2
32 43
32 23
32 188
32 67
32 90
32 14
32 0
32 26
32 111
32 83
32 35
32 94
32 48
32 56
32 60
32 48
32 141
32 2
32 98
32 80
32 192
32 166
32 16
32 22
32 22
32 106
32 161
32 118
32 8
32 42
32 4
32 167
32 142
33 2
33 173
33 37
33 142
33 59
33 79
33 106
33 93
33 129
33 10
33 37
33 186
33 129
33 54
33 54
33 103
33 98
33 16
33 148
33 8
33 144
33 71
33 147
33 43
33 78
33 16
33 0
33 151
33 182
33 158
33 3
33 101
33 102
33 37
33 34
33 56
33 71
33 70
33 27
33 42
33 79
33 84
33 37
33 31
33 139
33 189
33 167
33 67
33 122
33 166
33 44
33 80
33 167
33 66
34 59
34 151
34 0
34 69
34 31
34 23
34 93
34 56
34 48
34 14
34 79
34 27
34 118
34 31
34 52
34 3
34 47
34 59
34 43
34 98
34 118
34 166
34 101
34 54
34 44
34 50
34 2
34 150
34 167
34 31
34 6
34 3
34 161
34 48
34 98
34 9
34 43
34 20
34 70
34 166
34 135
34 165
34 143
34 80
34 161
35 10
35 98
35 109
35 8
35 167
35 0
35 101
35 125
35 43
35 189
35 149
35 63
35 67
35 98
35 144
35 19
35 22
35 37
35 111
35 67
35 144
35 33
35 78
35 101
35 122
35 161
35 79
35 47
35 28
35 48
35 98
35 152
35 7
35 117
35 188
35 129
35 106
35 102
35 151
35 142
35 18
35 165
35 2
35 98
35 142
35 118
35 150
36 101
36 42
36 186
36 1
36 59
36 182
36 15
36 183
36 120
36 144
36 42
36 129
36 111
36 167
36 2
36 91
36 158
36 48
36 23
36 118
36 49
36 27
36 118
36 81
36 119
36 26
36 1
36 71
36 164
36 171
36 66
36 147
36 147
36 43
36 177
36 52
36 31
36 150
36 148
36 67
36 16
36 44
36 1
36 93
36 23
36 61
36 151
36 129
36 2
36 122
37 75
37 2
37 188
37 115
37 2
37 142
37 133
37 101
37 185
37 150
37 54
37 39
37 94
37 52
37 1
37 51
37 2
37 70
37 154
37 48
37 144
37 51
37 25
37 42
37 122
37 48
37 159
37 34
37 187
37 52
37 48
37 159
37 171
37 173
37 98
37 144
37 22
37 145
37 33
37 2
37 43
37 63
37 125
37 11
37 96
37 130
38 48
38 44
38 7
38 60
38 63
38 119
38 125
38 166
38 166
38 16
38 6
38 22
38 147
38 173
38 43
38 175
38 2
38 100
38 106
38 173
38 71
38 63
38 137
38 67
38 2
38 103
38 166
38 14
38 28
38 144
38 80
38 71
38 1
38 94
38 189
38 91
38 151
38 152
38 2
38 167
38 173
38 122
38 70
38 39
38 160
38 115
38 48
38 80
38 112
38 102
38 84
38 189
38 71
38 111
38 47
38 27
39 146
39 122
39 80
39 48
39 103
39 157
39 71
39 94
39 117
39 135
39 91
39 2
39 15
39 161
39 62
39 102
39 84
39 135
39 189
39 44
39 19
39 144
39 42
39 162
39 135
39 167
39 166
39 145
39 33
39 167
39 93
39 67
39 102
39 106
39 106
39 188
39 2
39 139
39 23
39 142
39 52
39 87
39 173
39 188
39 3
40 117
40 152
40 162
40 119
40 79
40 146
40 27
40 154
40 27
40 84
40 136
40 167
40 111
40 60
40 182
40 129
40 95
40 148
40 122
40 142
40 98
40 125
40 16
40 98
40 1
40 103
40 147
40 33
40 161
40 103
40 156
40 190
40 144
40 43
40 144
40 186
40 89
40 37
40 116
40 89
40 161
40 48
40 154
40 135
40 166
40 144
40 8
40 139
41 160
41 161
41 146
41 84
41 96
41 80
41 6
41 1
41 37
41 16
41 48
41 177
41 15
41 144
41 161
41 42
41 106
41 37
41 89
41 1
41 103
41 139
41 54
41 161
41 52
41 143
41 161
41 162
41 48
41 90
41 27
41 181
41 98
41 54
41 60
41 104
41 134
41 144
41 84
41 1
41 20
41 7
41 102
41 69
41 1
41 142
41 70
42 2
42 147
42 167
42 98
42 11
42 136
42 48
42 37
42 16
42 144
42 48
42 48
42 147
42 96
42 2
42 166
42 1
42 18
42 1
42 48
42 118
42 163
42 31
42 158
42 134
42 98
42 142
42 20
42 101
42 48
42 147
42 111
42 2
42 142
42 162
42 102
42 31
42 170
42 18
42 129
42 28
42 56
42 113
42 56
42 118
42 115
42 59
42 63
42 98
42 1
43 163
43 111
43 89
43 96
43 144
43 115
43 79
43 182
43 154
43 73
43 144
43 52
43 190
43 103
43 42
43 149
43 137
43 167
43 1
43 19
43 64
43 43
43 173
43 130
43 148
43 36
43 62
43 98
43 20
43 33
43 53
43 37
43 136
43 16
43 18
43 14
43 185
43 39
43 18
43 147
43 168
43 136
43 166
44 0
44 146
44 0
44 133
44 144
44 194
44 188
44 1
44 194
44 42
44 156
44 70
44 165
44 166
44 158
44 23
44 103
44 89
44 0
44 67
44 18
44 62
44 69
44 71
44 22
44 8
44 27
44 115
44 90
44 36
44 144
44 42
44 162
44 125
44 23
44 59
44 8
44 48
44 31
44 167
44 48
44 67
44 11
44 138
44 18
44 130
44 102
45 53
45 103
45 115
45 16
45 119
45 171
45 139
45 6
45 98
45 64
45 144
45 1
45 167
45 103
45 18
45 185
45 16
45 84
45 148
45 33
45 70
45 7
45 126
45 186
45 8
45 146
45 166
45 144
45 18
45 167
45 71
45 54
45 136
45 56
45 14
45 164
45 37
45 27
45 162
45 36
45 103
45 48
45 120
45 80
45 2
46 71
46 1
46 52
46 96
46 28
46 130
46 7
46 16
46 135
46 154
46 135
46 161
46 149
46 190
46 115
46 183
46 31
46 136
46 135
46 133
46 98
46 1
46 71
46 71
46 125
46 181
46 52
46 16
46 54
46 12
46 80
46 134
46 150
46 39
46 2
46 43
46 27
46 16
46 52
46 28
46 146
46 31
47 101
47 144
47 91
47 111
47 177
47 1
47 37
47 42
47 56
47 126
47 173
47 163
47 0
47 159
47 52
47 1
47 161
47 147
47 98
47 48
47 56
47 73
47 31
47 52
47 70
47 166
47 103
47 136
47 22
47 151
47 24
47 154
47 129
47 2
47 31
47 142
47 23
47 167
47 96
47 48
47 90
47 53
47 84
47 160
48 162
48 102
48 161
48 142
48 52
48 18
48 183
48 0
48 52
48 48
48 71
48 186
48 75
48 33
48 103
48 10
48 173
48 123
48 73
48 60
48 14
48 2
48 152
48 103
48 52
48 154
48 118
48 147
48 71
48 24
48 48
48 98
48 125
48 166
48 61
48 27
48 11
48 115
48 23
48 161
48 166
48 173
49 96
49 161
49 136
49 167
49 102
49 101
49 87
49 1
49 18
49 84
49 48
49 96
49 188
49 98
49 7
49 56
49 160
49 130
49 98
49 180
49 25
49 70
49 80
49 162
49 83
49 53
49 158
49 89
49 96
49 161
49 115
49 145
49 118
49 29
49 24
49 158
49 165
49 118
49 56
49 42
49 102
49 162
49 67
50 177
50 143
50 4
50 167
50 24
50 28
50 1
50 161
50 185
50 27
50 166
50 53
50 73
50 42
50 22
50 144
50 96
50 189
50 55
50 52
50 98
50 120
50 144
50 90
50 98
50 144
50 83
50 177
50 116
50 167
50 8
50 148
50 96
50 48
50 52
50 167
50 92
50 28
50 22
51 167
51 53
51 42
51 147
51 171
51 79
51 173
51 54
51 94
51 173
51 80
51 60
51 57
51 152
51 161
51 71
51 106
51 7
51 115
51 188
51 172
51 31
51 148
51 105
51 6
51 181
51 42
51 59
51 166
51 8
51 139
51 52
51 2
51 18
51 138
51 144
51 94
51 67
51 110
51 34
52 177
52 48
52 73
52 79
52 183
52 173
52 15
52 111
52 12
52 14
52 111
52 70
52 154
52 103
52 42
52 78
52 26
52 145
52 189
52 67
52 52
52 48
52 154
52 116
52 6
52 48
52 150
52 144
52 162
52 96
52 93
52 98
52 62
52 42
52 130
52 185
52 147
52 186
52 71
52 12
52 27
53 154
53 115
53 79
53 167
53 110
53 67
53 101
53 7
53 89
53 1
53 83
53 190
53 175
53 31
53 136
53 173
53 27
53 8
53 9
53 0
53 145
53 173
53 52
53 54
53 101
53 67
53 161
53 34
53 166
53 161
53 37
53 67
53 118
53 167
53 75
53 96
53 167
54 167
54 98
54 53
54 159
54 59
54 125
54 16
54 148
54 56
54 2
54 147
54 112
54 52
54 84
54 59
54 142
54 166
54 154
54 173
54 94
54 96
54 126
54 189
54 94
54 166
54 146
54 134
54 0
54 161
54 59
54 59
54 11
54 81
54 8
54 90
54 147
54 81
54 140
54 129
54 52
54 37
54 161
54 161
55 36
55 126
55 110
55 183
55 183
55 90
55 3
55 145
55 48
55 188
55 173
55 103
55 98
55 164
55 8
55 24
55 150
55 120
55 91
55 34
55 158
55 16
55 27
55 167
55 75
55 42
55 186
55 160
55 187
55 167
55 31
55 8
55 35
55 42
55 7
55 161
55 154
55 84
56 27
56 22
56 145
56 90
56 150
56 0
56 186
56 16
56 18
56 147
56 42
56 161
56 188
56 22
56 15
56 25
56 106
56 102
56 166
56 20
56 44
56 11
56 159
56 129
56 18
56 154
56 84
56 150
56 31
56 71
56 110
56 42
56 33
56 161
56 79
56 145
56 194
56 91
56 142
56 144
56 139
57 27
57 73
57 167
57 52
57 68
57 79
57 186
57 128
57 93
57 135
57 32
57 22
57 148
57 148
57 59
57 33
57 117
57 154
57 20
57 27
57 22
57 93
57 7
57 98
57 149
57 52
57 52
57 156
57 142
57 8
57 6
57 163
57 56
57 173
58 71
58 94
58 18
58 151
58 181
58 70
58 144
58 42
58 66
58 115
58 190
58 16
58 1
58 158
58 148
58 42
58 188
58 133
58 23
58 136
58 194
58 67
58 15
58 1
58 149
58 91
58 140
58 1
58 122
58 146
58 80
58 171
58 0
58 48
58 14
58 54
58 133
59 27
59 158
59 163
59 163
59 161
59 59
59 33
59 106
59 67
59 48
59 145
59 136
59 166
59 52
59 0
59 11
59 189
59 161
59 69
59 67
59 96
59 145
59 129
59 23
59 80
59 111
59 161
59 151
59 23
59 56
59 47
59 146
59 51
59 147
59 167
59 70
59 84
59 26
59 4
60 146
60 146
60 115
60 114
60 183
60 79
60 33
60 66
60 54
60 84
60 120
60 183
60 161
60 59
60 181
60 189
60 1
60 146
60 129
60 71
60 155
60 59
60 143
60 70
60 61
60 146
60 1
60 80
60 33
60 73
60 147
60 42
60 112
60 56
60 147
60 161
60 180
60 166
60 146
60 166
60 42
60 161
60 129
60 147
60 18
61 115
61 142
61 75
61 37
61 18
61 50
61 161
61 23
61 98
61 102
61 101
61 81
61 167
61 146
61 90
61 63
61 147
61 134
61 98
61 36
61 146
61 146
61 120
61 63
61 7
61 96
61 67
61 161
61 165
61 130
61 118
61 173
61 7
61 1
61 102
61 103
61 152
61 161
61 56
61 8
62 2
62 22
62 1
62 31
62 71
62 167
62 177
62 103
62 78
62 167
62 98
62 1
62 37
62 37
62 102
62 6
62 135
62 154
62 0
62 189
62 79
62 144
62 143
62 10
62 11
62 161
62 119
62 1
62 27
62 18
62 142
62 102
62 87
63 103
63 127
63 111
63 3
63 16
63 18
63 18
63 8
63 158
63 71
63 173
63 49
63 167
63 27
63 144
63 75
63 67
63 42
63 59
63 171
63 52
63 98
63 2
63 4
63 35
63 67
63 102
63 10
63 161
63 137
63 52
63 94
63 70
63 154
63 166
63 79
63 142
64 103
64 28
64 101
64 136
64 60
64 142
64 148
64 169
64 168
64 9
64 187
64 102
64 9
64 75
64 98
64 84
64 146
64 165
64 11
64 16
64 151
64 71
64 186
64 85
64 0
64 71
64 159
64 91
64 135
64 194
64 163
64 47
64 86
64 144
64 10
65 98
65 43
65 2
65 10
65 56
65 160
65 94
65 188
65 71
65 25
65 90
65 101
65 167
65 16
65 54
65 18
65 52
65 87
65 145
65 42
65 160
65 158
65 6
65 144
65 43
65 116
65 125
65 71
65 46
65 16
65 129
65 106
65 188
65 39
65 80
65 8
66 114
66 166
66 190
66 146
66 7
66 33
66 22
66 31
66 36
66 59
66 190
66 183
66 134
66 186
66 73
66 54
66 15
66 161
66 48
66 7
66 73
66 102
66 50
66 71
66 15
66 96
66 29
66 44
66 23
66 161
66 166
66 67
66 84
66 43
66 63
66 33
67 136
67 3
67 33
67 148
67 93
67 33
67 129
67 147
67 6
67 101
67 135
67 71
67 31
67 189
67 39
67 171
67 91
67 148
67 15
67 52
67 115
67 23
67 4
67 44
67 81
67 166
67 49
67 149
67 144
67 18
67 52
67 102
67 23
67 15
67 181
67 78
68 147
68 52
68 112
68 52
68 71
68 31
68 145
68 54
68 111
68 115
68 110
68 60
68 69
68 106
68 59
68 115
68 0
68 147
68 126
68 130
68 151
68 134
68 125
68 54
68 115
68 84
68 115
68 8
68 43
68 181
68 180
68 87
68 52
68 102
68 33
68 18
68 36
68 79
68 122
68 93
68 173
68 149
69 90
69 142
69 59
69 115
69 147
69 115
69 57
69 2
69 42
69 149
69 194
69 8
69 71
69 134
69 115
69 102
69 49
69 4
69 70
69 98
69 2
69 115
69 42
69 48
69 154
69 186
69 59
69 33
69 146
69 35
69 55
69 102
69 115
69 115
69 136
69 70
69 145
69 61
69 52
69 98
70 73
70 8
70 56
70 62
70 67
70 150
70 136
70 142
70 101
70 125
70 145
70 115
70 96
70 186
70 53
70 44
70 16
70 33
70 18
70 115
70 24
70 12
70 15
70 24
70 154
70 84
70 144
70 93
70 53
70 39
70 15
70 169
70 96
70 12
70 115
70 150
70 33
70 28
70 171
71 146
71 47
71 147
71 7
71 71
71 22
71 43
71 7
71 145
71 0
71 122
71 194
71 98
71 52
71 33
71 150
71 65
71 168
71 54
71 166
71 167
71 56
71 167
71 158
71 160
71 163
71 59
71 1
71 136
71 48
71 49
71 125
71 67
72 91
72 12
72 160
72 167
72 115
72 52
72 118
72 75
72 156
72 36
72 161
72 63
72 165
72 182
72 1
72 144
72 159
72 115
72 119
72 34
72 20
72 136
72 63
72 151
72 71
72 193
72 96
72 182
72 18
72 102
72 152
73 91
73 18
73 175
73 125
73 18
73 71
73 118
73 10
73 2
73 71
73 31
73 18
73 84
73 173
73 2
73 148
73 84
73 161
73 173
73 89
73 156
73 139
73 54
73 0
73 136
73 163
73 118
73 98
73 52
73 189
73 52
73 182
73 44
73 84
73 93
74 56
74 7
74 173
74 173
74 147
74 136
74 60
74 173
74 68
74 89
74 190
74 119
74 173
74 159
74 161
74 59
74 42
74 187
74 102
74 43
74 52
74 139
74 189
74 181
74 20
74 52
74 31
74 171
74 177
75 166
75 8
75 116
75 0
75 3
75 59
75 43
75 2
75 59
75 177
75 48
75 14
75 163
75 111
75 81
75 117
75 33
75 54
75 114
75 73
75 103
75 2
76 42
76 100
76 190
76 2
76 96
76 79
76 84
76 145
76 33
76 163
76 190
76 80
76 167
76 147
76 40
76 154
76 71
76 8
76 180
76 8
76 158
76 2
76 33
76 161
77 186
77 94
77 34
77 129
77 111
77 165
77 91
77 146
77 1
77 161
77 115
77 166
77 3
77 18
77 167
77 13
77 31
77 87
77 136
77 150
77 183
77 33
77 25
77 125
77 9
77 103
77 167
77 37
77 166
78 146
78 63
78 97
78 59
78 2
78 54
78 167
78 116
78 6
78 126
78 83
78 43
78 103
78 101
78 135
78 158
78 102
78 52
78 14
78 7
78 111
78 85
79 142
79 22
79 56
79 190
79 106
79 59
79 69
79 138
79 102
79 18
79 111
79 16
79 148
79 52
79 7
79 18
79 23
79 87
79 18
79 160
79 132
79 1
80 37
80 28
80 145
80 148
80 14
80 122
80 37
80 42
80 26
80 43
80 98
80 115
80 142
80 129
80 149
80 28
80 98
80 42
80 52
80 42
80 69
81 31
81 185
81 172
81 52
81 98
81 101
84 162
84 129
84 7
84 173
84 17
84 26
84 28
84 24
84 15
84 77
84 66
84 154
84 116
84 169
84 80
84 9
84 33
84 139
84 166
84 4
84 149
84 80
84 168
84 16
84 3
84 81
84 102
84 28
84 183
85 89
85 93
85 135
85 84
85 145
85 135
85 98
85 115
85 33
85 10
85 15
85 44
85 34
85 79
85 1
85 130
86 158
86 90
86 178
86 18
86 139
86 173
86 2
86 129
86 137
86 27
86 27
86 161
86 2
86 87
86 148
86 56
86 44
87 6
87 52
87 87
87 11
87 166
87 3
87 139
87 143
87 61
87 49
88 139
88 151
88 22
88 102
88 42
88 117
88 52
88 189
88 69
88 190
88 36
88 59
88 102
88 12
89 18
89 68
89 158
89 101
89 131
89 158
89 20
89 145
89 0
89 114
89 3
89 143
89 24
90 27
90 34
90 34
90 10
90 87
90 111
90 171
90 158
90 24
90 34
90 27
90 14
90 156
90 180
90 181
90 151
90 63
91 44
91 27
91 159
91 7
91 98
91 117
91 8
91 110
91 33
91 2
91 63
91 110
91 111
91 33
92 189
92 18
92 24
92 136
92 27
92 158
92 115
92 91
92 66
92 24
92 139
92 7
92 24
93 141
93 129
93 80
93 33
93 145
93 94
93 6
93 136
93 31
93 161
93 177
94 10
94 34
94 22
94 2
94 33
94 91
94 14
94 7
94 54
94 25
94 159
94 11
95 133
95 102
95 105
95 91
95 34
95 36
95 158
95 139
95 33
95 53
95 44
95 79
95 59
95 139
95 158
96 96
96 22
96 22
96 129
96 171
96 139
96 47
96 80
97 44
97 139
97 68
97 115
97 143
97 48
97 173
97 140
97 7
97 18
97 4
97 101
97 91
97 59
97 139
98 60
98 70
98 91
98 71
98 28
98 126
98 71
98 165
98 93
98 56
98 159
98 130
98 102
98 54
99 33
99 87
99 93
99 71
99 33
99 93
99 7
99 36
99 36
99 3
99 188
99 159
99 93
100 134
100 59
100 139
100 108
100 0
100 3
100 33
100 130
100 56
100 33
100 188
100 139
100 62
100 71
101 114
101 78
101 169
101 3
101 145
101 40
101 96
101 91
101 70
101 119
102 44
102 7
102 60
102 42
102 190
102 136
102 80
102 44
102 102
102 63
102 8
102 130
102 135
102 15
102 63
102 96
102 115
103 158
103 6
103 18
103 114
103 129
103 135
103 3
103 111
103 95
103 7
103 7
103 135
103 158
103 67
103 174
103 18
104 8
104 54
104 91
104 44
104 116
104 91
104 56
104 143
104 151
104 114
104 8
104 70
104 165
104 157
104 143
104 14
104 157
104 33
105 171
105 174
105 119
105 139
105 96
105 114
105 70
105 54
105 31
105 56
105 67
105 190
105 93
105 108
106 49
106 3
106 159
106 44
106 44
106 102
106 3
106 33
106 116
106 91
106 161
106 102
106 171
106 117
106 18
106 194
106 33
106 0
106 44
106 67
106 112
106 168
106 18
106 102
107 18
107 96
107 182
107 7
107 18
107 102
107 114
107 52
107 49
107 49
107 171
107 108
107 53
108 48
108 56
108 55
108 125
108 70
108 173
108 114
108 70
108 21
108 68
108 10
108 114
109 181
109 71
109 96
109 3
109 86
109 157
109 59
109 70
109 167
110 15
110 135
110 171
110 43
110 56
110 145
110 54
110 145
111 44
111 115
111 184
111 145
111 10
111 2
111 3
112 51
112 144
112 14
112 149
112 115
112 40
112 116
113 136
113 44
113 183
113 136
113 44
113 170
113 70
113 52
113 93
114 156
114 146
114 110
114 68
114 96
115 159
115 34
115 21
116 107
116 13
116 51
116 67
116 59
116 93
116 139
117 165
117 18
117 141
117 186
117 24
118 182
118 3
118 139
118 62
118 70
118 136
119 4
119 33
119 43
119 190
119 36
120 31
120 91
120 60
120 101
120 18
120 136
120 168
121 7
121 51
121 7
121 10
121 48
122 63
122 117
122 167
122 3
122 6
123 182
124 27
124 3
124 102
125 150
125 173
126 10
126 15
126 7
126 145
126 101
127 34
127 112
127 9
127 75
127 33
127 19
128 122
128 129
128 145
128 33
128 63
129 108
130 90
130 145
130 80
130 4
131 167
131 160
131 91
131 8
131 84
132 178
132 151
132 79
132 27
132 100
133 20
133 80
133 160
134 115
134 81
134 171
134 156
134 68
134 87
135 51
135 115
135 131
135 15
135 87
135 88
135 136
136 167
136 160
136 136
136 18
136 119
136 134
136 145
136 7
137 135
137 79
137 84
137 96
138 131
138 131
138 188
138 9
138 128
138 183
139 165
139 158
139 91
139 5
139 96
139 79
140 190
140 168
140 70
140 194
140 4
140 183
141 111
141 188
141 53
141 143
141 33
141 31
142 156
142 158
142 160
142 28
142 106
142 122
143 149
143 4
143 118
143 49
144 143
144 81
144 86
144 61
144 79
145 78
145 168
145 68
145 120
145 193
145 20
145 183
146 89
146 154
146 80
146 67
146 24
146 28
146 122
147 118
147 8
147 158
147 160
147 97
147 116
147 43
148 145
148 110
148 181
148 16
148 118
148 96
149 43
149 107
149 55
149 144
149 63
149 59
149 85
149 26
149 101
149 23
150 34
150 8
150 194
150 78
150 33
150 56
151 84
151 129
151 78
151 50
151 78
151 0
151 111
151 188
151 173
152 3
152 164
152 72
152 8
152 115
152 42
152 43
152 122
152 129
152 129
153 4
153 188
153 150
153 66
153 20
153 15
153 136
153 8
153 116
153 160
153 52
154 83
154 188
154 142
154 118
154 158
154 20
154 118
154 63
154 22
155 4
155 73
155 163
155 43
155 171
155 193
155 134
155 84
156 173
156 131
156 96
156 146
156 189
156 53
156 69
156 66
156 18
156 53
157 107
157 106
157 160
157 102
157 154
157 112
157 111
157 79
157 85
157 43
157 7
158 188
158 111
158 110
158 188
158 81
158 28
158 61
158 189
158 44
158 20
159 81
159 33
159 20
159 28
159 158
159 154
159 131
159 91
159 6
159 171
160 25
160 0
160 90
160 180
160 56
160 49
160 84
160 49
160 66
160 128
160 59
160 126
160 8
161 111
161 122
161 143
161 109
161 49
161 160
161 105
161 100
161 31
161 188
161 53
162 107
162 78
162 51
162 78
162 193
162 54
162 134
162 8
162 159
162 8
162 97
162 8
162 33
163 101
163 107
163 129
163 85
163 146
163 23
163 114
163 160
163 8
163 44
163 34
163 84
163 14
163 101
163 43
163 101
163 180
164 148
164 180
164 188
164 160
164 111
164 34
164 160
164 63
164 158
164 118
164 87
165 129
165 103
165 166
165 43
165 81
165 89
165 84
165 171
165 191
165 100
165 25
165 150
166 25
166 70
166 69
166 59
166 73
166 148
166 42
166 111
166 107
166 147
166 37
166 54
166 139
166 191
166 23
166 78
166 61
166 29
166 136
166 49
167 73
167 120
167 79
167 158
167 126
167 61
167 111
167 63
167 191
167 8
167 83
167 87
167 188
167 66
167 25
168 170
168 111
168 173
168 63
168 67
168 187
168 137
168 116
168 102
168 154
168 66
168 7
168 170
168 27
168 111
168 93
168 59
168 146
168 79
169 154
169 18
169 8
169 129
169 0
169 84
169 110
169 125
169 122
169 7
169 125
169 126
169 177
169 12
169 159
169 93
169 161
169 49
169 49
170 160
170 18
170 122
170 136
170 16
170 31
170 169
170 62
170 139
170 129
170 157
170 138
170 12
170 189
170 63
170 118
170 140
170 54
170 40
170 54
170 96
170 191
170 188
170 137
171 33
171 45
171 143
171 160
171 34
171 166
171 81
171 120
171 162
171 56
171 42
171 143
171 188
171 14
171 118
171 6
171 118
171 25
171 59
171 188
171 80
171 20
171 7
172 14
172 185
172 102
172 188
172 62
172 173
172 115
172 2
172 159
172 7
172 27
172 89
172 25
172 129
172 152
172 98
172 69
172 159
172 89
172 168
172 111
172 42
172 24
172 103
172 22
173 94
173 131
173 96
173 11
173 188
173 154
173 154
173 188
173 120
173 97
173 75
173 73
173 188
173 154
173 114
173 174
173 166
173 135
173 6
173 15
173 145
173 140
173 79
173 58
173 48
174 62
174 146
174 68
174 187
174 31
174 154
174 6
174 24
174 166
174 173
174 110
174 128
174 73
174 43
174 4
174 6
174 10
174 59
174 170
174 2
174 48
174 148
174 71
174 20
174 66
174 25
174 84
174 66
174 78
174 9
175 163
175 12
175 67
175 188
175 49
175 44
175 52
175 89
175 89
175 120
175 60
175 115
175 28
175 87
175 10
175 113
175 89
175 118
175 120
175 191
175 119
175 68
175 135
175 44
175 23
175 169
175 171
175 118
175 109
175 59
175 163
175 6
175 91
176 15
176 72
176 105
176 28
176 0
176 27
176 183
176 189
176 158
176 162
176 118
176 94
176 2
176 79
176 162
176 23
176 73
176 129
176 48
176 118
176 90
176 149
176 159
176 23
176 125
176 59
176 159
176 101
176 171
176 160
176 145
176 163
176 27
176 0
176 6
176 154
177 84
177 98
177 120
177 1
177 22
177 129
177 63
177 27
177 131
177 67
177 79
177 165
177 130
177 120
177 154
177 43
177 13
177 146
177 161
177 31
177 34
177 22
177 180
177 154
177 67
178 159
178 37
178 183
178 49
178 20
178 12
178 10
178 36
178 118
178 101
178 103
178 18
178 103
178 108
178 98
178 144
178 148
178 67
178 129
178 43
178 98
178 3
178 120
178 188
178 143
178 1
178 15
178 160
178 33
178 153
178 40
179 27
179 158
179 158
179 189
179 45
179 192
179 3
179 125
179 17
179 122
179 25
179 93
179 135
179 23
179 159
179 111
179 12
179 19
179 116
179 118
179 174
179 22
179 116
179 97
179 106
179 42
179 133
179 78
179 174
179 149
179 125
179 71
179 143
180 71
180 28
180 129
180 127
180 117
180 118
180 151
180 3
180 33
180 160
180 146
180 6
180 81
180 1
180 66
180 37
180 146
180 12
180 87
180 160
180 37
180 0
180 144
180 111
180 169
180 13
180 52
180 71
180 170
180 186
180 158
180 67
180 161
180 160
180 154
180 84
180 15
181 135
181 49
181 15
181 168
181 4
181 66
181 140
181 168
181 8
181 144
181 2
181 133
181 183
181 89
181 13
181 145
181 122
181 89
181 183
181 98
181 102
181 54
181 146
181 52
181 31
181 52
181 119
181 171
181 151
181 10
181 111
181 13
182 125
182 66
182 9
182 170
182 101
182 1
182 14
182 91
182 75
182 103
182 134
182 139
182 106
182 111
182 33
182 162
182 18
182 118
182 192
182 14
182 53
182 163
182 20
182 23
182 6
182 122
182 146
182 146
182 79
182 22
183 10
183 118
183 142
183 147
183 158
183 151
183 20
183 59
183 159
183 113
183 106
183 71
183 6
183 103
183 107
183 20
183 118
183 146
183 49
183 10
183 188
183 118
183 188
183 165
183 2
183 188
183 111
183 146
183 0
183 9
183 8
183 23
183 13
183 66
183 59
183 136
183 143
184 166
184 73
184 137
184 161
184 81
184 143
184 56
184 54
184 152
184 143
184 188
184 191
184 66
184 11
184 148
184 66
184 9
184 53
184 42
184 6
184 189
184 150
184 20
184 10
184 159
184 146
184 115
184 138
184 34
184 142
184 55
184 6
184 166
184 126
184 78
185 152
185 69
185 154
185 93
185 79
185 103
185 6
185 167
185 106
185 59
185 122
185 22
185 188
185 66
185 16
185 185
185 95
185 150
185 1
185 98
185 71
185 27
185 33
185 155
185 37
185 108
185 188
185 19
185 166
185 145
185 72
185 119
185 106
185 154
185 79
185 7
185 1
185 84
185 56
186 22
186 115
186 115
186 144
186 188
186 65
186 181
186 10
186 110
186 93
186 21
186 86
186 6
186 185
186 177
186 93
186 122
186 171
186 152
186 161
186 53
186 118
186 34
186 118
186 188
186 187
186 27
186 189
186 137
186 84
186 7
186 6
186 43
186 42
186 97
186 119
187 14
187 1
187 6
187 145
187 98
187 130
187 120
187 146
187 159
187 101
187 24
187 10
187 3
187 167
187 173
187 1
187 173
187 188
187 1
187 44
187 87
187 118
187 51
187 66
187 131
187 189
187 188
187 79
187 115
187 66
187 121
187 170
187 161
187 139
187 105
187 37
188 55
188 34
188 80
188 170
188 43
188 2
188 140
188 43
188 79
188 34
188 154
188 167
188 189
188 14
188 1
188 127
188 60
188 44
188 68
188 6
188 189
188 51
188 147
188 147
188 167
188 188
188 190
188 102
188 22
188 142
188 10
188 66
188 116
188 8
189 117
189 92
189 158
189 161
189 66
189 151
189 149
189 96
189 8
189 122
189 165
189 0
189 115
189 89
189 2
189 19
189 103
189 118
189 2
189 18
189 84
189 144
189 79
189 56
189 145
189 23
189 43
189 188
189 168
189 79
189 118
189 56
189 141
189 42
189 161
189 154
189 118
190 160
190 51
190 1
190 6
190 118
190 19
190 144
190 43
190 89
190 142
190 59
190 135
190 93
190 146
190 48
190 75
190 59
190 130
190 27
190 2
190 81
190 0
190 93
190 64
190 142
190 84
190 138
190 146
190 6
190 49
190 10
191 49
191 87
191 24
191 146
191 160
191 166
191 49
191 71
191 66
191 129
191 59
191 27
191 17
191 83
191 29
191 36
191 81
191 115
191 159
191 166
191 118
191 36
191 119
191 144
191 118
191 142
191 79
191 128
191 57
191 28
191 161
191 1
191 43
191 61
191 183
191 1
192 28
192 94
192 8
192 1
192 27
192 1
192 109
192 27
192 115
192 23
192 9
192 79
192 28
192 8
192 1
192 23
192 79
192 190
192 105
192 155
192 118
192 91
192 117
192 84
192 143
192 7
192 189
192 71
192 160
192 15
192 67
192 51
192 56
192 20
192 54
192 66
192 118
192 151
192 20
192 129
193 64
193 147
193 73
193 159
193 167
193 71
193 151
193 47
193 162
193 110
193 22
193 146
193 68
193 156
193 6
193 1
193 134
193 143
193 10
193 81
193 91
193 146
193 116
193 145
193 148
193 31
193 69
193 167
193 128
193 58
194 66
194 37
194 146
194 133
194 42
194 51
194 189
194 94
194 144
194 3
194 147
194 52
194 10
194 15
194 148
194 84
194 151
194 119
194 75
194 160
194 61
194 1
194 146
194 155
194 177
194 28
194 28
194 24
194 148
194 5
194 27
194 166
194 53
194 85
195 66
195 66
195 54
195 162
195 133
195 109
195 188
195 146
195 62
195 56
195 22
195 133
195 129
195 169
195 188
195 54
195 139
195 31
195 146
195 167
195 129
195 144
195 96
195 147
195 1
195 79
195 19
195 181
195 134
195 61
195 102
196 188
196 173
196 96
196 194
196 174
196 10
196 171
196 24
196 71
196 48
196 125
196 81
196 134
196 20
196 63
196 14
196 1
196 159
196 16
196 183
196 75
196 2
196 135
196 143
196 159
196 95
197 161
197 94
197 7
197 78
197 11
197 183
197 144
197 186
197 115
197 144
197 9
197 0
197 18
197 22
197 98
197 66
197 151
197 167
197 167
197 66
197 43
197 86
197 147
197 108
197 101
197 188
197 34
197 6
197 7
198 167
198 73
198 20
198 48
198 22
198 171
198 105
198 85
198 133
198 174
198 154
198 148
198 160
198 27
198 102
198 103
198 115
198 22
198 37
198 85
198 118
198 83
198 84
198 71
198 42
198 154
198 42
198 2
199 98
199 154
199 44
199 158
199 103
199 135
199 118
199 42
199 18
199 166
199 83
199 118
199 79
199 80
199 27
199 62
199 59
199 129
199 52
199 102
199 108
199 122
199 145
199 98
199 5
199 42
199 0
199 182
199 152
199 147
199 130
199 146
199 71
200 167
200 67
200 174
200 136
200 2
200 146
200 28
200 28
200 173
200 186
200 188
200 136
200 52
200 98
200 80
200 191
200 171
200 152
200 151
200 145
200 70
200 20
200 23
200 49
200 10
201 156
201 105
201 22
201 66
201 106
201 71
201 62
201 52
201 161
201 98
201 189
201 131
201 160
201 180
201 135
201 161
201 1
201 119
201 11
201 89
201 148
201 188
201 173
201 188
201 34
201 190
201 23
201 91
202 159
202 123
202 129
202 79
202 37
202 48
202 133
202 10
202 52
202 172
202 64
202 28
202 79
202 2
202 189
202 189
202 166
202 93
202 36
202 79
202 106
202 6
202 28
202 53
202 162
202 49
202 62
202 73
202 9
202 10
202 10
202 101
203 37
203 4
203 98
203 103
203 37
203 68
203 78
203 61
203 31
203 98
203 62
203 43
203 107
203 102
203 1
203 84
203 166
203 131
203 171
203 104
203 10
203 22
203 96
203 79
203 0
203 156
203 165
204 98
204 161
204 34
204 108
204 86
204 174
204 66
204 87
204 84
204 189
204 167
204 102
204 188
204 158
204 129
204 8
204 121
204 94
204 49
204 145
204 87
204 115
205 142
205 1
205 105
205 65
205 103
205 185
205 66
205 31
205 16
205 100
205 16
205 59
205 106
205 4
205 1
205 62
205 17
205 161
205 43
205 180
205 1
205 102
205 96
205 146
205 53
205 96
205 151
205 67
206 34
206 129
206 159
206 147
206 1
206 81
206 152
206 136
206 142
206 31
206 70
206 122
206 120
206 142
206 75
206 47
206 178
206 1
206 53
206 103
206 31
206 81
206 64
206 189
206 49
206 22
206 10
207 62
207 25
207 160
207 83
207 158
207 21
207 110
207 40
207 166
207 4
207 75
207 166
207 22
207 150
207 91
207 53
207 6
207 59
207 115
207 154
207 11
208 19
208 1
208 151
208 173
208 4
208 67
208 165
208 87
208 104
208 151
208 182
208 71
208 183
208 115
208 185
208 154
208 31
208 177
208 73
208 119
208 158
208 10
208 144
208 43
208 114
208 121
208 144
208 24
208 147
208 1
208 59
209 97
209 81
209 144
209 84
209 191
209 83
209 43
209 188
209 1
209 2
209 59
209 158
209 91
209 101
209 134
209 1
209 100
209 115
209 139
209 0
209 169
209 71
209 145
209 152
209 50
209 103
209 43
209 118
210 16
210 166
210 109
210 4
210 151
210 6
210 33
210 118
210 1
210 87
210 146
210 15
210 102
210 146
210 103
210 49
210 176
210 102
210 43
210 171
210 121
210 147
210 90
210 6
210 145
210 57
211 73
211 37
211 166
211 191
211 52
211 161
211 98
211 183
211 126
211 181
211 66
211 22
211 16
211 188
211 78
211 34
211 91
211 42
211 146
211 36
211 156
211 1
211 27
211 97
211 67
211 118
211 142
211 1
212 48
212 161
212 115
212 90
212 37
212 36
212 125
212 34
212 162
212 43
212 64
212 91
212 1
212 174
212 11
212 154
212 31
212 129
212 95
212 183
212 193
212 102
212 59
212 158
212 53
212 0
212 193
213 89
213 118
213 49
213 39
213 31
213 1
213 130
213 52
213 147
213 193
213 131
213 177
213 10
213 27
213 25
213 1
213 146
213 52
213 98
213 167
213 186
213 1
213 54
213 147
214 134
214 148
214 122
214 183
214 52
214 147
214 144
214 161
214 2
214 13
214 0
214 6
214 172
214 183
214 133
214 78
214 2
214 147
214 42
214 151
214 129
215 168
215 115
215 191
215 84
215 129
215 91
215 54
215 114
215 165
215 187
215 98
215 133
215 2
215 1
215 113
215 52
215 146
215 115
215 163
215 114
215 165
215 160
215 118
216 166
216 73
216 94
216 43
216 101
216 122
216 43
216 20
216 183
216 20
216 154
216 1
216 36
216 115
216 188
216 163
216 80
216 188
216 189
216 22
216 43
216 27
217 94
217 144
217 33
217 22
217 98
217 75
217 10
217 129
217 125
217 66
217 98
217 133
217 145
217 69
217 1
217 89
217 16
217 94
217 73
217 52
217 21
217 140
217 64
217 43
217 114
218 1
218 1
218 145
218 83
218 80
218 6
218 101
218 100
218 94
218 115
218 11
218 128
218 144
218 42
218 163
218 115
218 59
218 11
218 2
218 148
218 1
218 151
218 157
218 181
218 86
218 190
219 125
219 161
219 122
219 147
219 186
219 2
219 190
219 78
219 34
219 20
219 181
219 85
219 125
219 120
219 71
219 1
219 158
219 19
219 59
219 189
219 43
219 49
219 125
219 129
219 34
219 66
220 131
220 165
220 142
220 24
220 147
220 1
220 4
220 140
220 26
220 181
220 94
220 52
220 123
220 111
220 4
220 25
220 23
220 163
220 122
220 151
220 91
220 70
220 1
220 138
220 161
220 142
220 145
220 166
220 7
220 147
220 160
221 86
221 125
221 10
221 1
221 160
221 187
221 122
221 7
221 144
221 64
221 4
221 37
221 53
221 15
221 63
221 2
221 62
221 185
221 162
221 139
221 137
221 24
221 24
221 71
222 186
222 139
222 147
222 16
222 120
222 162
222 27
222 118
222 111
222 75
222 145
222 13
222 98
222 146
222 144
222 15
222 163
222 94
222 188
222 86
222 146
222 167
222 168
222 147
222 47
222 192
222 37
222 186
223 49
223 68
223 80
223 12
223 136
223 156
223 103
223 152
223 1
223 43
223 10
223 145
223 43
223 118
223 75
223 75
223 91
223 37
223 10
223 51
223 146
223 163
223 146
223 10
223 47
224 94
224 63
224 66
224 125
224 144
224 84
224 173
224 184
224 91
224 117
224 106
224 27
224 121
224 129
224 169
224 118
224 64
224 163
224 145
224 145
224 185
224 160
224 43
224 129
224 52
224 134
225 69
225 1
225 188
225 28
225 158
225 173
225 188
225 133
225 186
225 87
225 1
225 1
225 10
225 96
225 189
225 171
225 154
225 98
225 147
225 2
225 71
225 43
225 12
225 161
226 187
226 120
226 4
226 113
226 27
226 181
226 111
226 147
226 33
226 166
226 186
226 6
226 79
226 144
226 75
226 8
226 75
226 186
226 79
226 189
226 43
226 1
226 144
226 116
226 140
226 177
227 139
227 166
227 37
227 23
227 144
227 101
227 194
227 118
227 21
227 47
227 143
227 101
227 98
227 1
227 39
227 9
227 11
227 151
227 62
227 12
227 146
227 162
227 10
227 42
227 154
227 101
227 51
227 94
227 115
227 76
227 166
227 0
227 177
227 145
228 67
228 148
228 1
228 129
228 43
228 190
228 12
228 69
228 39
228 188
228 51
228 2
228 52
228 67
228 144
228 139
228 22
228 43
228 32
228 147
228 147
228 43
228 117
228 35
228 91
228 52
228 71
228 1
229 43
229 161
229 118
229 71
229 145
229 52
229 98
229 133
229 144
229 19
229 27
229 1
229 146
229 117
229 122
229 71
229 42
229 154
229 2
229 148
229 50
229 43
229 43
229 128
229 168
229 16
230 50
230 147
230 176
230 80
230 147
230 129
230 63
230 28
230 71
230 7
230 125
230 47
230 35
230 1
230 10
230 69
230 147
230 169
230 152
230 147
230 161
230 147
230 159
230 188
230 188
230 170
231 142
231 147
231 14
231 11
231 147
231 36
231 92
231 48
231 43
231 117
231 79
231 63
231 147
231 146
231 177
231 100
231 125
231 147
231 59
231 125
231 16
231 185
231 125
231 1
231 2
231 56
231 12
231 129
232 116
232 52
232 86
232 110
232 75
232 118
232 54
232 83
232 98
232 147
232 66
232 129
232 10
232 28
232 147
232 44
232 136
232 6
232 12
232 101
232 16
232 6
232 52
232 103
232 147
232 83
233 16
233 16
233 130
233 154
233 123
233 146
233 123
233 115
233 182
233 42
233 21
233 36
233 12
233 10
233 147
233 162
233 71
233 98
233 80
233 11
233 71
233 89
234 147
234 52
234 177
234 12
234 188
234 186
234 136
234 42
234 52
234 11
234 167
234 136
234 117
234 84
234 101
234 10
234 98
234 15
234 11
234 1
234 101
234 79
234 99
234 185
235 105
235 67
235 189
235 2
235 9
235 1
235 73
235 180
235 10
235 177
235 118
235 79
235 142
235 166
235 94
235 109
235 85
235 167
235 146
235 14
235 152
235 147
235 2
235 89
235 103
236 11
236 52
236 37
236 28
236 48
236 191
236 48
236 103
236 189
236 86
236 136
236 131
236 118
236 54
236 145
236 12
236 167
236 151
236 142
236 2
236 37
236 147
236 42
236 16
236 158
236 2
236 62
236 167
236 166
236 167
236 161
236 169
236 42
236 39
237 52
237 13
237 103
237 60
237 71
237 1
237 150
237 70
237 146
237 33
237 2
237 0
237 37
237 2
237 59
237 43
237 1
237 67
237 4
237 26
237 8
237 35
237 129
237 0
237 165
237 84
237 115
238 0
238 104
238 61
238 23
238 162
238 37
238 147
238 125
238 10
238 152
238 178
238 2
238 134
238 7
238 158
238 189
238 133
238 67
238 1
238 177
238 78
238 167
238 188
238 158
238 10
238 83
238 61
239 111
239 181
239 48
239 163
239 64
239 140
239 34
239 62
239 48
239 60
239 161
239 6
239 1
239 84
239 1
239 98
239 80
239 43
239 181
239 1
239 110
239 89
239 2
239 193
239 36
239 147
239 129
239 170
239 131
