6 15 30 5 6 1 0 5 5 15 5 7 7 15 5 0 4 0 2 27 14 5 8 4 19 6 0 6 2 0 0 4 8 18 0 4 0 5 8 2 0 3 0 4 0 3 1 0 0 4 
7 13 32 7 9 2 0 6 5 21 7 7 9 15 7 0 5 0 2 31 15 6 10 1 28 6 0 10 2 0 0 6 14 20 0 5 0 7 8 3 0 4 0 5 0 3 2 0 0 3 
10 9 27 6 11 2 0 8 6 19 9 7 12 17 6 0 7 0 2 33 14 9 11 2 27 5 0 10 1 0 0 7 14 19 0 7 0 7 8 3 0 3 0 7 0 3 2 0 0 2 
10 9 27 7 11 2 0 6 7 13 10 5 11 13 7 0 6 0 2 29 10 8 10 1 22 4 0 9 2 0 0 8 16 20 0 7 0 7 8 3 1 3 0 6 0 3 2 0 0 1 
14 10 25 8 10 2 0 5 7 13 10 5 14 11 7 0 7 0 3 23 10 10 9 1 20 4 0 11 2 0 0 9 17 17 0 8 0 7 7 4 0 4 0 7 0 3 3 0 0 2 
16 6 21 7 12 2 0 5 10 12 12 4 15 9 7 0 9 0 4 22 11 12 14 2 18 5 0 11 2 0 0 10 20 16 0 8 0 8 15 4 0 3 0 7 0 3 2 0 0 1 
13 2 17 5 8 1 1 3 8 7 13 5 13 5 4 0 9 0 3 14 7 8 10 1 14 4 0 11 1 0 0 8 14 9 0 7 0 6 9 2 1 2 0 4 0 2 2 0 0 0 
16 1 13 5 6 1 0 2 8 6 14 5 15 3 2 1 6 1 2 9 5 10 11 2 13 2 0 9 1 0 0 8 12 4 0 6 0 5 8 4 0 2 0 3 0 2 1 0 0 0 
16 0 12 5 5 0 1 2 10 5 20 5 16 3 1 0 6 0 3 7 4 8 11 1 11 2 0 9 1 0 0 10 15 2 0 3 0 6 8 5 1 1 0 2 0 1 1 0 0 0 
7 0 6 2 2 0 0 0 4 2 7 3 7 0 0 0 2 0 1 4 2 4 6 1 6 1 0 2 0 0 0 4 6 1 0 2 0 2 5 2 0 1 0 1 0 1 0 0 0 0 
2 0 2 1 1 0 0 0 2 0 2 1 2 0 0 0 1 0 1 1 0 1 2 0 2 1 0 1 0 0 0 2 3 0 0 1 0 1 2 1 0 0 0 0 0 1 0 0 0 0 
2 0 1 1 2 0 0 0 1 0 1 1 2 0 0 0 1 0 0 0 1 2 1 0 1 1 0 2 0 0 0 1 1 0 0 1 0 1 2 1 0 0 0 1 0 0 0 0 0 0 
2 0 1 2 3 0 0 2 2 1 1 0 2 1 0 0 1 0 0 0 1 1 1 0 1 1 0 3 0 0 0 1 2 0 0 1 0 1 1 1 0 0 0 2 0 0 1 0 0 0 
3 0 2 3 5 2 0 4 4 3 3 1 4 3 1 1 4 0 2 1 2 2 3 0 1 3 0 4 1 0 0 2 3 1 0 3 0 4 2 2 1 1 0 4 0 1 1 0 0 0 
4 1 7 5 11 3 0 6 5 9 5 2 8 8 2 1 5 0 2 6 7 3 7 1 7 5 0 6 2 0 0 4 7 4 0 4 0 5 3 4 1 2 0 7 0 2 4 0 1 1 
6 5 10 5 13 3 0 7 6 15 3 2 11 10 5 1 4 0 3 10 11 4 12 2 12 6 0 5 2 0 0 6 11 8 0 5 1 5 6 3 1 3 0 9 0 3 2 0 1 2 
5 8 12 5 9 3 1 6 5 14 3 3 10 10 4 1 5 1 2 11 10 5 11 1 11 5 1 7 1 0 0 6 9 8 0 5 0 6 6 2 1 2 0 9 0 3 2 0 0 2 
5 10 13 5 8 3 1 6 4 9 2 3 10 7 3 1 5 1 3 11 7 4 9 1 10 6 1 4 2 0 0 5 6 8 0 6 1 4 6 2 1 3 0 7 0 2 2 0 0 3 
4 10 17 4 6 2 1 5 4 9 3 3 9 7 4 1 4 0 3 13 8 4 7 2 12 6 0 4 2 0 0 3 6 9 0 6 1 4 4 2 1 3 0 4 0 2 1 0 1 2 
5 9 17 5 5 2 1 5 3 8 3 5 7 8 4 1 4 0 2 15 7 4 7 1 12 4 1 5 3 0 0 3 6 10 0 5 1 3 6 2 1 3 0 4 0 2 1 0 1 2 
0 0 0 0 0 0 0 0 0 0 0 0 0 0 0 0 0 0 0 0 0 0 0 0 0 0 0 0 0 0 0 0 0 0 0 0 0 0 0 0 0 0 0 0 0 0 0 0 0 0 
0 0 0 0 0 0 0 0 0 0 0 0 0 0 0 0 0 0 0 0 0 0 0 0 0 0 0 0 0 0 0 0 0 0 0 0 0 0 0 0 0 0 0 0 0 0 0 0 0 0 
0 0 0 0 0 0 0 0 0 0 0 0 0 0 0 0 0 0 0 0 0 0 0 0 0 0 0 0 0 0 0 0 0 0 0 0 0 0 0 0 0 0 0 0 0 0 0 0 0 0 
0 0 0 0 0 0 0 0 0 0 0 0 0 0 0 0 0 0 0 0 0 0 0 0 0 0 0 0 0 0 0 0 0 0 0 0 0 0 0 0 0 0 0 0 0 0 0 0 0 0 
