0 4
0 3
0 2
0 0
0 4
0 0
0 0
0 0
0 4
0 1
0 0
0 4
0 2
0 2
0 0
0 0
0 0
0 1
0 4
0 4
0 4
0 4
0 0
0 0
0 4
0 0
0 0
0 0
0 4
0 0
0 0
0 4
0 0
0 0
0 0
0 2
1 0
1 3
1 0
1 0
1 0
1 4
1 3
1 4
1 0
1 4
1 2
1 0
1 4
1 3
1 4
1 4
1 0
1 1
1 0
1 0
1 0
1 2
1 0
1 0
1 2
1 3
1 4
1 3
1 0
1 0
1 2
1 4
1 1
1 0
1 0
1 0
2 0
2 2
2 1
2 0
2 4
2 0
2 4
2 0
2 0
2 4
2 0
2 4
2 0
2 4
2 0
2 0
2 0
2 0
2 0
2 4
2 3
2 0
2 0
2 4
2 0
2 0
2 4
2 1
2 0
2 0
2 0
2 3
2 3
2 0
2 0
3 1
3 4
3 4
3 0
3 0
3 4
3 0
3 4
3 0
3 0
3 1
3 0
3 3
3 4
3 4
3 4
3 4
3 3
3 3
3 0
3 0
3 3
3 0
3 0
3 0
3 4
3 0
3 0
3 2
3 0
3 0
3 0
3 4
3 0
3 0
4 3
4 2
4 1
4 4
4 0
4 0
4 0
4 2
4 4
4 0
4 0
4 0
4 1
4 0
4 0
4 0
4 0
4 3
4 3
4 0
4 4
4 0
4 0
4 0
4 0
4 0
4 0
4 0
4 4
4 2
4 0
4 4
4 0
5 0
5 3
5 0
5 1
5 0
5 0
5 0
5 4
5 0
5 1
5 1
5 4
5 0
5 3
5 0
5 0
5 1
5 3
5 4
5 0
5 0
5 1
5 0
5 4
5 4
5 4
5 3
5 0
5 0
5 0
5 0
5 0
5 0
5 1
5 4
5 0
5 0
5 4
5 0
6 0
6 4
6 0
6 3
6 0
6 2
6 4
6 0
6 0
6 4
6 0
6 0
6 0
6 3
6 1
6 3
6 0
6 1
6 0
6 4
6 3
6 4
6 0
6 0
6 2
6 0
6 2
6 2
6 0
6 0
6 2
6 3
6 0
6 3
6 0
6 0
6 3
6 3
6 0
6 0
6 0
6 1
7 3
7 3
7 0
7 1
7 4
7 3
7 3
7 2
7 4
7 2
7 3
7 0
7 0
7 4
7 4
7 0
7 0
7 0
7 0
7 0
7 0
7 0
7 0
7 0
7 0
7 4
7 1
7 1
7 1
7 0
7 0
7 4
7 0
7 3
7 1
7 0
7 3
7 0
7 0
7 4
7 2
7 0
7 3
7 0
7 4
8 0
8 2
8 2
8 4
8 1
8 0
8 0
8 0
8 0
8 1
8 4
8 3
8 4
8 3
8 0
8 0
8 4
8 4
8 4
8 4
8 3
8 0
8 0
8 3
8 0
8 2
8 0
8 4
8 0
8 0
8 0
8 1
8 3
8 2
8 4
8 0
8 0
8 4
9 0
9 1
9 0
9 4
9 3
9 0
9 1
9 0
9 2
9 1
9 3
9 1
9 4
9 4
9 1
9 0
9 0
9 0
9 3
9 0
9 0
9 0
9 4
9 2
9 3
9 0
9 3
9 4
9 0
9 0
9 1
9 3
9 0
9 4
9 4
9 4
9 4
10 0
10 0
10 3
10 1
10 3
10 4
10 3
10 2
10 4
10 0
10 3
10 3
10 0
10 3
10 4
10 1
10 0
10 0
10 4
10 0
10 1
10 3
10 3
10 2
10 0
10 3
10 4
10 0
10 3
10 4
10 3
10 0
10 0
10 0
10 0
10 4
10 3
10 3
10 0
10 4
10 0
10 0
10 0
10 4
11 4
11 3
11 2
11 4
11 0
11 4
11 0
11 1
11 2
11 4
11 0
11 4
11 0
11 4
11 0
11 4
11 3
11 3
11 0
11 2
11 0
11 0
11 0
11 3
11 4
11 3
11 0
11 0
11 4
11 0
11 0
11 3
11 0
11 0
11 0
11 4
11 4
11 0
11 3
11 4
11 4
11 0
11 1
11 4
11 0
11 3
11 0
11 4
12 0
12 2
12 1
12 0
12 0
12 0
12 0
12 1
12 3
12 4
12 0
12 2
12 0
12 0
12 4
12 0
12 0
12 0
12 0
12 0
12 3
12 3
12 0
12 1
12 4
12 0
12 4
12 4
12 0
12 0
12 3
12 0
12 3
12 2
12 0
12 3
12 4
12 4
12 0
12 0
12 3
12 3
12 0
12 0
13 4
13 4
13 2
13 1
13 0
13 4
13 0
13 4
13 1
13 3
13 0
13 4
13 0
13 3
13 3
13 0
13 3
13 4
13 0
13 3
13 0
13 4
13 0
13 0
13 2
13 1
13 2
13 0
13 4
13 1
13 0
13 2
13 0
13 0
13 0
14 2
14 0
14 4
14 4
14 0
14 0
14 2
14 0
14 0
14 0
14 3
14 0
14 0
14 0
14 0
14 4
14 0
14 4
14 4
14 0
14 4
14 0
14 0
14 0
14 3
14 4
14 3
14 0
14 3
14 4
14 3
14 2
14 4
14 2
14 0
14 4
14 0
14 0
14 0
14 0
14 0
14 0
15 0
15 0
15 4
15 3
15 4
15 0
15 0
15 3
15 0
15 0
15 3
15 3
15 3
15 0
15 2
15 0
15 0
15 0
15 4
15 0
15 0
15 0
15 4
15 1
15 0
15 2
15 4
15 4
15 0
15 0
15 3
15 3
15 0
15 3
15 0
15 0
15 3
15 0
15 0
15 3
15 0
15 0
15 0
16 4
16 0
16 2
16 2
16 4
16 1
16 0
16 4
16 0
16 0
16 3
16 0
16 2
16 0
16 0
16 0
16 2
16 3
16 4
16 1
16 3
16 1
16 0
16 0
16 2
16 3
16 0
16 0
16 0
16 0
16 0
16 0
16 0
16 4
16 4
16 2
16 4
16 1
16 0
16 0
16 3
16 0
16 4
16 3
17 0
17 2
17 4
17 2
17 3
17 0
17 0
17 3
17 2
17 0
17 0
17 0
17 0
17 0
17 0
17 0
17 0
17 0
17 4
17 3
17 0
17 3
17 4
17 1
17 4
17 0
17 2
17 1
17 2
17 0
17 3
17 2
17 3
17 4
17 0
17 0
17 0
17 0
17 0
17 4
17 3
17 3
18 4
18 0
18 0
18 4
18 0
18 3
18 4
18 0
18 0
18 0
18 0
18 4
18 3
18 0
18 0
18 3
18 0
18 3
18 0
18 0
18 4
18 3
18 0
18 2
18 3
18 4
18 4
18 3
18 0
18 0
18 0
18 4
18 4
18 4
18 0
18 3
18 0
18 3
18 3
18 3
18 4
18 1
18 3
18 4
18 0
18 4
18 0
18 2
18 4
19 0
19 4
19 0
19 4
19 0
19 4
19 0
19 3
19 0
19 0
19 4
19 3
19 0
19 0
19 1
19 3
19 0
19 0
19 1
19 0
19 0
19 4
19 3
19 0
19 0
19 4
19 0
19 0
19 0
19 0
19 1
19 4
19 4
19 2
19 4
19 4
19 0
19 2
19 0
19 0
19 4
19 3
19 0
19 0
20 1
20 3
20 0
20 4
20 0
20 4
20 0
20 0
20 3
20 4
20 3
20 2
20 0
20 2
20 3
20 4
20 1
20 0
20 4
20 4
20 0
20 0
20 4
20 4
20 0
20 0
20 3
20 4
20 0
20 0
20 4
20 2
20 0
20 0
20 4
20 0
20 2
20 3
20 4
20 0
20 4
20 3
20 0
20 4
21 4
21 4
21 2
21 0
21 2
21 4
21 0
21 3
21 0
21 4
21 0
21 0
21 0
21 0
21 0
21 0
21 4
21 0
21 1
21 3
21 4
21 0
21 0
21 4
21 0
21 4
21 4
21 0
21 0
21 2
21 3
21 0
21 4
21 4
21 4
21 4
21 4
21 4
21 0
21 2
21 4
21 0
22 0
22 4
22 4
22 4
22 0
22 0
22 1
22 4
22 4
22 3
22 4
22 4
22 0
22 4
22 0
22 3
22 0
22 0
22 0
22 0
22 0
22 3
22 0
22 0
22 0
22 3
22 4
22 0
22 0
22 2
22 0
22 0
22 4
22 4
22 1
22 0
22 1
22 0
22 0
22 0
22 3
22 0
22 0
22 0
22 0
22 0
22 3
22 4
22 0
22 3
22 0
22 4
22 4
23 4
23 0
23 3
23 0
23 3
23 0
23 0
23 3
23 4
23 0
23 3
23 0
23 0
23 0
23 0
23 4
23 4
23 4
23 0
23 0
23 0
23 0
23 0
23 3
23 0
23 4
23 0
23 0
23 0
23 0
23 3
23 0
23 0
23 0
23 3
23 4
23 0
23 0
23 0
23 3
23 3
23 0
23 4
23 3
23 3
23 2
23 0
23 0
24 4
24 0
24 4
24 4
24 0
24 0
24 4
24 0
24 4
24 4
24 0
24 0
24 0
24 4
24 2
24 3
24 3
24 0
24 4
24 3
24 0
24 4
24 4
24 2
24 4
24 0
24 4
24 0
24 2
24 4
24 0
24 0
24 0
24 3
24 0
24 4
24 0
24 0
24 4
24 0
24 4
24 3
24 0
24 0
24 4
24 3
24 4
24 0
25 0
25 3
25 0
25 0
25 2
25 4
25 0
25 0
25 4
25 0
25 0
25 0
25 0
25 4
25 4
25 4
25 0
25 1
25 0
25 0
25 0
25 4
25 4
25 4
25 4
25 3
25 0
25 2
25 0
25 0
25 0
25 4
25 0
25 0
25 4
25 4
25 0
25 0
25 0
25 4
25 0
25 0
25 4
25 3
25 0
25 4
25 3
25 3
25 0
25 0
25 4
26 4
26 0
26 4
26 3
26 3
26 0
26 0
26 0
26 0
26 0
26 0
26 3
26 0
26 0
26 3
26 0
26 0
26 0
26 0
26 3
26 0
26 0
26 0
26 3
26 4
26 3
26 3
26 3
26 4
26 0
26 0
26 0
26 0
26 0
26 0
26 4
26 0
26 1
26 0
26 0
26 4
26 4
26 0
26 3
26 2
27 0
27 4
27 2
27 4
27 2
27 0
27 0
27 0
27 4
27 3
27 0
27 0
27 2
27 0
27 3
27 0
27 4
27 0
27 2
27 0
27 3
27 2
27 0
27 0
27 0
27 0
27 4
27 4
27 0
27 0
27 3
27 0
27 4
27 0
27 0
27 4
27 3
27 3
27 4
27 3
27 0
27 4
27 3
27 4
27 0
27 0
27 0
27 0
28 0
28 4
28 0
28 1
28 0
28 0
28 0
28 0
28 4
28 2
28 0
28 3
28 0
28 2
28 0
28 0
28 0
28 4
28 0
28 0
28 4
28 0
28 0
28 0
28 0
28 0
28 0
28 0
28 0
28 3
28 4
28 4
28 3
28 2
28 3
28 0
28 0
28 0
28 1
28 1
28 0
28 0
28 2
28 0
28 0
28 0
28 0
28 0
28 4
28 4
28 0
28 0
28 0
29 0
29 0
29 0
29 2
29 3
29 3
29 4
29 0
29 2
29 4
29 0
29 4
29 0
29 0
29 4
29 0
29 0
29 1
29 0
29 0
29 0
29 0
29 4
29 4
29 0
29 4
29 3
29 0
29 0
29 0
29 3
29 0
29 3
29 0
29 4
29 0
29 0
29 0
29 2
29 0
29 2
29 0
29 0
29 0
29 4
29 0
29 0
29 3
29 0
30 0
30 4
30 0
30 1
30 2
30 4
30 3
30 1
30 1
30 0
30 0
30 3
30 3
30 4
30 0
30 3
30 0
30 3
30 0
30 0
30 0
30 0
30 0
30 0
30 0
30 0
30 0
30 3
30 0
30 4
30 4
30 0
30 4
30 0
30 2
30 1
30 4
30 0
30 0
30 3
30 4
30 4
30 3
30 0
30 4
30 0
30 0
30 0
30 4
30 0
30 4
31 4
31 0
31 3
31 0
31 4
31 3
31 0
31 3
31 0
31 0
31 4
31 0
31 2
31 0
31 3
31 4
31 0
31 4
31 0
31 2
31 3
31 3
31 2
31 1
31 3
31 0
31 3
31 2
31 3
31 0
31 0
31 0
31 3
31 0
31 4
31 3
31 0
31 0
31 0
31 0
31 0
31 3
31 3
31 0
31 0
31 0
32 1
32 4
32 3
32 0
32 0
32 3
32 0
32 4
32 0
32 4
32 3
32 0
32 0
32 0
32 4
32 0
32 4
32 0
32 2
32 2
32 4
32 3
32 4
32 2
32 2
32 1
32 0
32 3
32 3
32 0
32 3
32 0
32 0
32 3
32 2
32 0
32 0
32 0
32 0
32 0
32 0
32 0
32 4
32 0
32 2
32 0
32 0
33 0
33 0
33 0
33 0
33 0
33 0
33 0
33 0
33 4
33 0
33 0
33 0
33 4
33 4
33 4
33 0
33 0
33 0
33 4
33 4
33 0
33 0
33 1
33 4
33 2
33 0
33 4
33 4
33 0
33 4
33 3
33 2
33 3
33 0
33 4
33 3
33 0
33 3
33 0
33 0
33 0
33 4
33 0
33 4
33 3
33 0
33 0
33 0
33 4
33 0
33 3
33 3
33 0
33 0
34 0
34 4
34 4
34 2
34 4
34 4
34 0
34 3
34 0
34 2
34 0
34 0
34 0
34 4
34 0
34 3
34 3
34 0
34 4
34 0
34 0
34 0
34 2
34 4
34 3
34 2
34 0
34 3
34 0
34 4
34 4
34 3
34 0
34 0
34 0
34 2
34 4
34 4
34 3
34 0
34 3
34 3
34 4
34 3
34 0
35 0
35 0
35 4
35 4
35 0
35 4
35 2
35 4
35 4
35 0
35 3
35 3
35 0
35 0
35 0
35 4
35 0
35 0
35 4
35 0
35 0
35 3
35 2
35 2
35 4
35 0
35 0
35 3
35 3
35 0
35 0
35 4
35 3
35 3
35 4
35 4
35 0
35 3
35 4
35 0
35 3
35 3
35 0
35 0
35 0
35 0
35 3
36 2
36 0
36 0
36 1
36 0
36 0
36 0
36 4
36 4
36 0
36 0
36 4
36 4
36 0
36 0
36 3
36 0
36 0
36 0
36 0
36 4
36 0
36 0
36 4
36 4
36 3
36 1
36 0
36 2
36 3
36 0
36 1
36 1
36 4
36 2
36 0
36 4
36 3
36 4
36 0
36 0
36 3
36 1
36 0
36 4
36 2
36 4
36 4
36 0
36 4
37 0
37 0
37 4
37 0
37 0
37 0
37 0
37 2
37 2
37 3
37 4
37 3
37 1
37 0
37 1
37 4
37 0
37 3
37 4
37 0
37 0
37 4
37 3
37 0
37 4
37 0
37 3
37 4
37 2
37 0
37 0
37 3
37 3
37 0
37 0
37 0
37 0
37 4
37 3
37 0
37 4
37 2
37 4
37 0
37 0
37 3
38 0
38 3
38 3
38 3
38 3
38 4
38 4
38 0
38 0
38 0
38 4
38 0
38 1
38 0
38 4
38 4
38 0
38 2
38 0
38 0
38 0
38 3
38 2
38 0
38 0
38 0
38 0
38 2
38 3
38 0
38 3
38 0
38 1
38 1
38 0
38 3
38 4
38 4
38 0
38 0
38 0
38 4
38 3
38 3
38 4
38 0
38 0
38 3
38 3
38 3
38 4
38 0
38 0
38 4
38 3
38 0
39 0
39 4
39 3
39 0
39 0
39 3
39 0
39 1
39 3
39 3
39 3
39 0
39 0
39 0
39 0
39 3
39 4
39 3
39 0
39 3
39 2
39 0
39 0
39 4
39 3
39 0
39 0
39 4
39 3
39 0
39 0
39 0
39 3
39 0
39 0
39 4
39 0
39 3
39 0
39 0
39 0
39 4
39 0
39 4
39 3
40 3
40 4
40 4
40 4
40 0
40 0
40 0
40 4
40 0
40 4
40 0
40 0
40 4
40 3
40 0
40 4
40 3
40 4
40 4
40 0
40 0
40 4
40 0
40 0
40 1
40 0
40 1
40 3
40 0
40 0
40 3
40 4
40 0
40 4
40 0
40 0
40 0
40 0
40 3
40 0
40 0
40 0
40 4
40 3
40 0
40 0
40 4
40 3
41 4
41 0
41 0
41 4
41 0
41 3
41 4
41 1
41 0
41 0
41 0
41 2
41 0
41 0
41 0
41 0
41 0
41 0
41 0
41 1
41 0
41 3
41 4
41 0
41 0
41 0
41 0
41 4
41 0
41 4
41 0
41 0
41 0
41 4
41 3
41 3
41 4
41 0
41 4
41 1
41 4
41 3
41 3
41 2
41 1
41 0
41 3
42 0
42 1
42 0
42 0
42 0
42 0
42 0
42 0
42 0
42 0
42 0
42 0
42 1
42 0
42 0
42 0
42 1
42 3
42 1
42 0
42 0
42 0
42 4
42 0
42 4
42 0
42 0
42 4
42 2
42 0
42 1
42 4
42 0
42 0
42 4
42 3
42 4
42 0
42 3
42 4
42 3
42 3
42 3
42 3
42 0
42 0
42 0
42 2
42 0
42 1
43 0
43 4
43 0
43 0
43 0
43 0
43 0
43 0
43 4
43 4
43 0
43 0
43 3
43 0
43 0
43 3
43 2
43 0
43 1
43 2
43 1
43 4
43 0
43 0
43 4
43 0
43 0
43 0
43 4
43 3
43 4
43 0
43 0
43 0
43 3
43 2
43 2
43 3
43 3
43 1
43 3
43 0
43 0
44 4
44 0
44 4
44 0
44 0
44 2
44 4
44 1
44 2
44 0
44 3
44 3
44 3
44 0
44 0
44 0
44 0
44 0
44 4
44 0
44 3
44 0
44 2
44 0
44 0
44 4
44 0
44 0
44 2
44 0
44 0
44 0
44 4
44 4
44 4
44 0
44 4
44 0
44 4
44 0
44 0
44 0
44 0
44 0
44 3
44 3
44 3
45 4
45 0
45 0
45 0
45 4
45 3
45 3
45 4
45 0
45 1
45 0
45 1
45 0
45 0
45 3
45 2
45 0
45 4
45 4
45 3
45 3
45 3
45 2
45 0
45 4
45 0
45 0
45 0
45 3
45 0
45 0
45 4
45 0
45 3
45 2
45 2
45 0
45 0
45 4
45 0
45 0
45 0
45 4
45 3
45 0
46 0
46 1
46 0
46 0
46 3
46 3
46 3
46 0
46 3
46 4
46 3
46 0
46 3
46 3
46 0
46 4
46 4
46 0
46 3
46 0
46 0
46 1
46 0
46 0
46 4
46 0
46 0
46 0
46 4
46 0
46 3
46 4
46 3
46 3
46 0
46 4
46 0
46 0
46 0
46 3
46 0
46 4
47 2
47 0
47 3
47 4
47 2
47 1
47 0
47 0
47 3
47 2
47 0
47 0
47 4
47 3
47 0
47 1
47 0
47 1
47 0
47 0
47 3
47 4
47 4
47 0
47 3
47 0
47 0
47 0
47 0
47 4
47 3
47 4
47 4
47 0
47 4
47 0
47 4
47 0
47 0
47 0
47 2
47 4
47 4
47 4
48 4
48 3
48 0
48 0
48 0
48 3
48 4
48 4
48 0
48 0
48 0
48 0
48 0
48 3
48 0
48 0
48 0
48 2
48 4
48 3
48 2
48 0
48 4
48 0
48 0
48 4
48 0
48 1
48 0
48 3
48 0
48 0
48 4
48 0
48 2
48 0
48 0
48 0
48 0
48 0
48 0
48 0
49 0
49 0
49 0
49 0
49 3
49 2
49 4
49 1
49 3
49 4
49 0
49 0
49 4
49 0
49 3
49 3
49 4
49 3
49 0
49 3
49 3
49 3
49 3
49 4
49 2
49 4
49 0
49 0
49 0
49 0
49 3
49 4
49 0
49 2
49 3
49 0
49 3
49 0
49 3
49 0
49 3
49 4
49 0
50 2
50 4
50 2
50 0
50 3
50 3
50 1
50 0
50 2
50 0
50 0
50 4
50 4
50 0
50 0
50 0
50 0
50 0
50 3
50 0
50 0
50 4
50 0
50 2
50 0
50 0
50 2
50 2
50 3
50 0
50 4
50 4
50 0
50 0
50 0
50 0
50 3
50 3
50 0
51 0
51 4
51 0
51 1
51 3
51 0
51 0
51 4
51 1
51 0
51 3
51 3
51 2
51 4
51 0
51 0
51 0
51 3
51 0
51 4
51 3
51 4
51 4
51 3
51 4
51 0
51 0
51 0
51 0
51 4
51 3
51 0
51 0
51 3
51 0
51 0
51 1
51 0
51 3
51 4
52 2
52 0
52 4
52 0
52 4
52 0
52 0
52 4
52 0
52 2
52 4
52 3
52 4
52 0
52 0
52 2
52 3
52 4
52 0
52 0
52 0
52 0
52 4
52 3
52 4
52 0
52 3
52 0
52 4
52 0
52 0
52 0
52 0
52 0
52 3
52 2
52 1
52 0
52 0
52 0
52 0
53 4
53 0
53 0
53 0
53 3
53 0
53 2
53 3
53 0
53 1
53 2
53 3
53 4
53 4
53 0
53 0
53 0
53 4
53 2
53 4
53 4
53 0
53 0
53 4
53 2
53 0
53 0
53 4
53 0
53 0
53 0
53 0
53 0
53 0
53 0
53 0
53 0
54 0
54 0
54 4
54 3
54 0
54 4
54 0
54 4
54 3
54 0
54 1
54 3
54 0
54 4
54 0
54 0
54 0
54 4
54 0
54 1
54 0
54 2
54 0
54 1
54 0
54 0
54 4
54 4
54 0
54 0
54 0
54 0
54 4
54 4
54 4
54 1
54 4
54 2
54 4
54 0
54 0
54 0
54 0
55 0
55 2
55 3
55 4
55 4
55 4
55 3
55 4
55 0
55 4
55 0
55 0
55 0
55 2
55 4
55 3
55 3
55 4
55 3
55 4
55 0
55 0
55 0
55 0
55 0
55 0
55 0
55 4
55 2
55 0
55 4
55 4
55 2
55 0
55 3
55 0
55 4
55 4
56 0
56 0
56 4
56 4
56 3
56 4
56 0
56 0
56 3
56 1
56 0
56 0
56 4
56 0
56 0
56 3
56 0
56 3
56 0
56 4
56 3
56 0
56 3
56 4
56 3
56 4
56 4
56 3
56 4
56 0
56 3
56 0
56 3
56 0
56 0
56 4
56 2
56 3
56 0
56 0
56 3
57 0
57 4
57 0
57 0
57 3
57 0
57 0
57 2
57 0
57 3
57 2
57 0
57 4
57 4
57 0
57 3
57 3
57 4
57 4
57 0
57 0
57 0
57 3
57 0
57 3
57 0
57 0
57 3
57 0
57 4
57 4
57 0
57 3
57 0
58 0
58 1
58 3
58 4
58 0
58 3
58 0
58 0
58 0
58 0
58 4
58 0
58 1
58 4
58 4
58 0
58 4
58 0
58 4
58 0
58 2
58 0
58 0
58 1
58 3
58 3
58 2
58 1
58 4
58 0
58 3
58 3
58 4
58 0
58 2
58 4
58 0
59 0
59 0
59 0
59 0
59 0
59 0
59 3
59 0
59 0
59 0
59 4
59 0
59 0
59 0
59 4
59 0
59 0
59 0
59 2
59 0
59 0
59 4
59 4
59 0
59 3
59 4
59 0
59 4
59 4
59 3
59 3
59 0
59 4
59 1
59 0
59 3
59 4
59 3
59 2
60 0
60 0
60 0
60 3
60 4
60 0
60 3
60 0
60 4
60 4
60 4
60 4
60 0
60 0
60 0
60 0
60 1
60 0
60 4
60 0
60 2
60 0
60 4
60 3
60 2
60 0
60 1
60 3
60 3
60 4
60 1
60 0
60 3
60 3
60 1
60 0
60 3
60 0
60 0
60 0
60 0
60 0
60 4
60 1
60 3
61 0
61 0
61 0
61 0
61 3
61 2
61 0
61 4
61 0
61 3
61 2
61 4
61 0
61 0
61 2
61 3
61 1
61 4
61 0
61 0
61 0
61 0
61 4
61 3
61 3
61 0
61 0
61 0
61 3
61 3
61 0
61 0
61 3
61 1
61 3
61 0
61 4
61 0
61 3
61 4
62 0
62 0
62 1
62 4
62 0
62 0
62 2
62 0
62 2
62 0
62 0
62 1
62 0
62 0
62 3
62 4
62 3
62 4
62 4
62 0
62 0
62 0
62 4
62 4
62 0
62 0
62 4
62 1
62 0
62 3
62 0
62 3
62 4
63 0
63 2
63 4
63 3
63 0
63 3
63 3
63 4
63 4
63 0
63 0
63 4
63 0
63 0
63 0
63 0
63 0
63 0
63 0
63 3
63 0
63 0
63 0
63 2
63 2
63 0
63 3
63 0
63 0
63 2
63 0
63 1
63 3
63 4
63 0
63 0
63 0
64 0
64 3
64 2
64 0
64 3
64 0
64 4
64 0
64 3
64 2
64 2
64 3
64 2
64 0
64 0
64 4
64 0
64 3
64 0
64 0
64 4
64 0
64 0
64 2
64 4
64 0
64 3
64 3
64 3
64 2
64 0
64 3
64 3
64 0
64 0
65 0
65 4
65 0
65 0
65 3
65 4
65 1
65 4
65 0
65 3
65 2
65 2
65 0
65 0
65 4
65 3
65 0
65 4
65 4
65 0
65 4
65 4
65 4
65 0
65 4
65 3
65 4
65 0
65 1
65 0
65 4
65 0
65 0
65 3
65 3
65 4
66 3
66 0
66 4
66 0
66 3
66 3
66 0
66 4
66 0
66 0
66 3
66 4
66 4
66 0
66 4
66 4
66 0
66 0
66 0
66 3
66 4
66 3
66 2
66 0
66 0
66 0
66 2
66 3
66 0
66 0
66 0
66 0
66 4
66 4
66 3
66 3
67 0
67 3
67 3
67 4
67 0
67 3
67 4
67 1
67 4
67 2
67 3
67 0
67 4
67 0
67 3
67 3
67 3
67 4
67 0
67 0
67 0
67 0
67 2
67 3
67 4
67 0
67 4
67 3
67 0
67 3
67 0
67 3
67 4
67 0
67 0
67 2
68 1
68 0
68 3
68 0
68 0
68 4
68 4
68 4
68 4
68 0
68 3
68 3
68 2
68 0
68 0
68 0
68 4
68 1
68 2
68 3
68 4
68 4
68 4
68 4
68 0
68 4
68 0
68 4
68 4
68 0
68 3
68 4
68 0
68 3
68 3
68 3
68 0
68 0
68 4
68 0
68 0
68 3
69 4
69 0
69 0
69 0
69 1
69 0
69 2
69 0
69 0
69 3
69 2
69 4
69 0
69 4
69 0
69 3
69 4
69 2
69 3
69 0
69 0
69 0
69 0
69 0
69 4
69 0
69 0
69 3
69 0
69 2
69 3
69 3
69 0
69 0
69 0
69 3
69 4
69 2
69 0
69 0
70 4
70 4
70 3
70 0
70 0
70 3
70 0
70 0
70 2
70 4
70 4
70 0
70 0
70 0
70 4
70 3
70 0
70 3
70 3
70 0
70 3
70 0
70 0
70 3
70 4
70 4
70 0
70 0
70 4
70 3
70 0
70 0
70 0
70 0
70 0
70 3
70 3
70 3
70 3
71 0
71 3
71 1
71 3
71 0
71 0
71 4
71 3
71 4
71 4
71 4
71 2
71 0
71 0
71 3
71 3
71 3
71 3
71 4
71 0
71 0
71 3
71 0
71 0
71 4
71 0
71 0
71 1
71 0
71 0
71 4
71 4
71 0
72 3
72 0
72 4
72 0
72 0
72 0
72 0
72 0
72 3
72 0
72 0
72 3
72 3
72 0
72 1
72 0
72 3
72 0
72 4
72 2
72 4
72 0
72 3
72 4
72 0
72 3
72 0
72 0
72 3
72 3
72 0
73 3
73 3
73 4
73 4
73 3
73 0
73 0
73 0
73 0
73 0
73 4
73 3
73 4
73 0
73 0
73 4
73 4
73 0
73 0
73 0
73 3
73 3
73 4
73 4
73 0
73 0
73 0
73 0
73 0
73 0
73 0
73 0
73 3
73 4
73 0
74 3
74 3
74 0
74 0
74 1
74 0
74 3
74 0
74 3
74 0
74 3
74 4
74 0
74 3
74 0
74 0
74 0
74 2
74 3
74 4
74 0
74 3
74 0
74 0
74 4
74 0
74 4
74 3
74 2
75 0
75 4
75 3
75 4
75 3
75 0
75 4
75 0
75 0
75 2
75 0
75 2
75 0
75 4
75 4
75 3
75 3
75 4
75 3
75 4
75 0
75 0
76 0
76 2
76 3
76 0
76 0
76 0
76 4
76 4
76 3
76 0
76 4
76 3
76 0
76 1
76 3
76 4
76 0
76 4
76 3
76 4
76 0
76 0
76 3
76 0
77 0
77 1
77 4
77 4
77 4
77 3
77 3
77 0
77 1
77 0
77 0
77 0
77 3
77 3
77 0
77 2
77 4
77 4
77 0
77 3
77 4
77 3
77 3
77 4
77 2
77 0
77 0
77 0
77 0
78 0
78 3
78 2
78 0
78 0
78 4
78 0
78 3
78 4
78 2
78 2
78 4
78 0
78 2
78 3
78 0
78 3
78 0
78 2
78 3
78 4
78 2
79 0
79 0
79 3
79 4
79 0
79 0
79 2
79 0
79 3
79 3
79 4
79 0
79 4
79 0
79 3
79 3
79 0
79 4
79 3
79 4
79 2
79 1
80 0
80 3
80 4
80 4
80 2
80 4
80 0
80 0
80 3
80 4
80 0
80 0
80 0
80 4
80 3
80 3
80 0
80 0
80 0
80 0
80 2
81 4
81 2
81 3
81 0
81 0
81 2
84 4
84 4
84 3
84 0
84 3
84 3
84 3
84 3
84 0
84 2
84 0
84 4
84 3
84 0
84 3
84 2
84 3
84 3
84 0
84 2
84 3
84 3
84 3
84 0
84 3
84 4
84 3
84 3
84 4
85 0
85 0
85 3
85 4
85 4
85 3
85 0
85 0
85 3
85 4
85 0
85 3
85 4
85 0
85 1
85 3
86 0
86 4
86 2
86 3
86 3
86 0
86 0
86 4
86 2
86 0
86 0
86 0
86 0
86 4
86 4
86 3
86 3
87 4
87 0
87 4
87 0
87 0
87 3
87 3
87 4
87 2
87 4
88 3
88 4
88 0
88 3
88 0
88 3
88 0
88 0
88 2
88 3
88 0
88 0
88 3
88 0
89 3
89 3
89 4
89 2
89 4
89 0
89 4
89 4
89 4
89 3
89 3
89 0
89 3
90 0
90 4
90 4
90 4
90 4
90 4
90 3
90 4
90 3
90 4
90 0
90 2
90 3
90 3
90 0
90 4
90 3
91 3
91 0
91 3
91 3
91 0
91 3
91 4
91 3
91 3
91 0
91 3
91 3
91 4
91 3
92 0
92 3
92 3
92 0
92 0
92 0
92 0
92 3
92 0
92 3
92 3
92 3
92 3
93 3
93 4
93 3
93 3
93 4
93 1
93 4
93 0
93 4
93 0
93 2
94 0
94 4
94 0
94 0
94 3
94 3
94 2
94 3
94 4
94 3
94 3
94 0
95 0
95 3
95 3
95 3
95 4
95 0
95 0
95 3
95 3
95 4
95 3
95 0
95 0
95 3
95 4
96 0
96 0
96 0
96 4
96 3
96 3
96 3
96 3
97 3
97 3
97 3
97 0
97 0
97 0
97 0
97 2
97 3
97 3
97 2
97 2
97 3
97 0
97 3
98 3
98 3
98 3
98 0
98 3
98 2
98 0
98 3
98 0
98 3
98 3
98 3
98 3
98 4
99 3
99 4
99 0
99 0
99 3
99 0
99 3
99 0
99 0
99 3
99 4
99 3
99 0
100 4
100 0
100 3
100 0
100 4
100 3
100 3
100 0
100 3
100 3
100 4
100 3
100 0
100 0
101 3
101 2
101 0
101 3
101 4
101 3
101 0
101 3
101 3
101 4
102 3
102 3
102 3
102 0
102 4
102 0
102 3
102 3
102 3
102 2
102 4
102 3
102 3
102 0
102 3
102 0
102 0
103 4
103 4
103 3
103 3
103 4
103 3
103 3
103 4
103 3
103 3
103 3
103 3
103 0
103 0
103 3
103 3
104 4
104 4
104 3
104 3
104 3
104 3
104 3
104 0
104 4
104 3
104 4
104 3
104 3
104 3
104 4
104 2
104 3
104 3
105 3
105 3
105 4
105 3
105 0
105 3
105 3
105 4
105 4
105 3
105 0
105 4
105 0
105 0
106 4
106 3
106 3
106 3
106 3
106 3
106 3
106 3
106 3
106 3
106 0
106 3
106 3
106 3
106 3
106 2
106 3
106 4
106 3
106 0
106 3
106 3
106 3
106 3
107 3
107 0
107 0
107 3
107 3
107 3
107 3
107 0
107 4
107 4
107 3
107 0
107 4
108 0
108 3
108 3
108 4
108 3
108 0
108 3
108 3
108 3
108 3
108 4
108 3
109 0
109 0
109 0
109 3
109 3
109 3
109 0
109 3
109 0
110 0
110 3
110 3
110 4
110 3
110 4
110 4
110 4
111 3
111 0
111 3
111 4
111 0
111 0
111 3
112 0
112 0
112 2
112 3
112 0
112 3
112 3
113 0
113 3
113 4
113 0
113 3
113 0
113 3
113 0
113 0
114 3
114 0
114 3
114 3
114 0
115 3
115 4
115 3
116 2
116 2
116 4
116 0
116 0
116 0
116 3
117 3
117 3
117 3
117 0
117 3
118 0
118 3
118 3
118 0
118 3
118 0
119 2
119 3
119 4
119 3
119 0
120 4
120 3
120 3
120 2
120 3
120 0
120 3
121 3
121 4
121 3
121 4
121 0
122 3
122 3
122 0
122 3
122 4
123 0
124 0
124 3
124 3
125 3
125 0
126 4
126 0
126 3
126 4
126 2
127 4
127 3
127 2
127 0
127 3
127 2
128 4
128 4
128 4
128 3
128 3
129 0
130 2
130 4
130 3
130 2
131 0
131 4
131 3
131 4
131 4
132 2
132 4
132 0
132 0
132 2
133 4
133 3
133 4
134 0
134 4
134 3
134 3
134 3
134 4
135 0
135 0
135 4
135 0
135 4
135 2
135 0
136 0
136 4
136 0
136 3
136 4
136 4
136 4
136 3
137 3
137 0
137 4
137 0
138 4
138 4
138 4
138 2
138 2
138 4
139 3
139 0
139 3
139 2
139 0
139 0
140 4
140 3
140 3
140 2
140 2
140 4
141 4
141 4
141 4
141 4
141 3
141 4
142 3
142 0
142 4
142 3
142 0
142 4
143 3
143 2
143 0
143 4
144 4
144 4
144 3
144 2
144 0
145 2
145 3
145 3
145 4
145 2
145 4
145 4
146 0
146 4
146 3
146 0
146 3
146 4
146 4
147 0
147 4
147 4
147 4
147 2
147 3
147 4
148 4
148 3
148 0
148 0
148 0
148 0
149 4
149 2
149 3
149 0
149 2
149 0
149 2
149 3
149 2
149 0
150 4
150 4
150 2
150 2
150 3
150 3
151 4
151 4
151 2
151 2
151 2
151 4
151 4
151 4
151 0
152 3
152 2
152 2
152 4
152 0
152 0
152 4
152 4
152 4
152 4
153 2
153 4
153 3
153 0
153 4
153 0
153 0
153 4
153 3
153 4
153 0
154 2
154 4
154 0
154 0
154 0
154 4
154 0
154 3
154 0
155 2
155 4
155 0
155 4
155 3
155 3
155 4
155 4
156 0
156 4
156 0
156 0
156 0
156 4
156 2
156 0
156 3
156 4
157 2
157 0
157 4
157 3
157 4
157 3
157 4
157 0
157 2
157 4
157 3
158 4
158 4
158 3
158 4
158 4
158 3
158 2
158 0
158 3
158 4
159 4
159 3
159 4
159 3
159 0
159 4
159 4
159 3
159 4
159 3
160 3
160 4
160 4
160 3
160 3
160 4
160 4
160 4
160 0
160 2
160 0
160 2
160 4
161 4
161 4
161 4
161 4
161 4
161 4
161 3
161 2
161 4
161 4
161 4
162 2
162 2
162 0
162 2
162 3
162 4
162 4
162 4
162 3
162 4
162 2
162 4
162 3
163 2
163 2
163 4
163 3
163 0
163 0
163 3
163 4
163 4
163 3
163 4
163 4
163 2
163 2
163 4
163 2
163 3
164 4
164 3
164 4
164 4
164 4
164 4
164 4
164 3
164 4
164 0
164 4
165 4
165 0
165 0
165 4
165 4
165 0
165 4
165 3
165 2
165 2
165 3
165 3
166 3
166 3
166 2
166 0
166 4
166 4
166 0
166 4
166 2
166 1
166 0
166 4
166 3
166 2
166 4
166 2
166 2
166 2
166 0
166 4
167 4
167 4
167 0
167 0
167 2
167 2
167 4
167 3
167 2
167 4
167 2
167 4
167 0
167 0
167 3
168 0
168 4
168 0
168 3
168 0
168 2
168 2
168 3
168 3
168 4
168 0
168 3
168 0
168 0
168 4
168 0
168 0
168 0
168 0
169 4
169 3
169 4
169 4
169 4
169 4
169 3
169 4
169 4
169 3
169 4
169 2
169 2
169 0
169 3
169 0
169 0
169 4
169 4
170 4
170 3
170 4
170 0
170 0
170 4
170 0
170 0
170 3
170 4
170 3
170 0
170 0
170 0
170 3
170 0
170 2
170 4
170 3
170 4
170 0
170 2
170 0
170 2
171 3
171 2
171 4
171 4
171 4
171 0
171 4
171 4
171 4
171 3
171 0
171 4
171 4
171 2
171 0
171 4
171 0
171 3
171 0
171 4
171 3
171 4
171 3
172 2
172 2
172 3
172 4
172 0
172 0
172 0
172 0
172 3
172 3
172 0
172 0
172 3
172 4
172 4
172 0
172 2
172 4
172 0
172 3
172 4
172 0
172 3
172 0
172 0
173 1
173 4
173 0
173 0
173 4
173 4
173 4
173 0
173 4
173 2
173 0
173 4
173 4
173 4
173 3
173 3
173 0
173 3
173 4
173 0
173 4
173 2
173 0
173 3
173 0
174 0
174 0
174 3
174 2
174 4
174 4
174 4
174 3
174 0
174 0
174 3
174 2
174 4
174 4
174 2
174 4
174 4
174 0
174 0
174 0
174 0
174 4
174 0
174 4
174 0
174 3
174 4
174 0
174 2
174 2
175 0
175 0
175 0
175 4
175 4
175 3
175 0
175 0
175 0
175 4
175 3
175 3
175 3
175 4
175 0
175 3
175 0
175 0
175 4
175 2
175 4
175 3
175 3
175 3
175 0
175 0
175 3
175 0
175 4
175 0
175 0
175 4
175 3
176 0
176 2
176 3
176 3
176 4
176 0
176 4
176 0
176 0
176 4
176 0
176 1
176 0
176 0
176 4
176 0
176 4
176 4
176 0
176 0
176 2
176 3
176 3
176 4
176 4
176 0
176 3
176 2
176 3
176 4
176 4
176 0
176 0
176 4
176 4
176 4
177 4
177 0
177 4
177 1
177 0
177 4
177 3
177 0
177 4
177 0
177 0
177 3
177 0
177 4
177 4
177 4
177 2
177 0
177 0
177 4
177 4
177 0
177 3
177 4
177 0
178 3
178 0
178 4
178 4
178 4
178 0
178 4
178 0
178 0
178 2
178 0
178 3
178 0
178 0
178 0
178 0
178 4
178 0
178 4
178 4
178 0
178 3
178 4
178 4
178 4
178 1
178 0
178 4
178 3
178 1
178 3
179 0
179 0
179 4
179 0
179 2
179 2
179 3
179 4
179 3
179 4
179 3
179 0
179 3
179 4
179 3
179 4
179 0
179 4
179 3
179 0
179 3
179 0
179 3
179 2
179 0
179 0
179 0
179 2
179 3
179 3
179 4
179 0
179 0
180 0
180 3
180 4
180 2
180 3
180 0
180 4
180 3
180 3
180 4
180 0
180 4
180 4
180 1
180 0
180 0
180 0
180 0
180 4
180 4
180 0
180 4
180 0
180 4
180 0
180 2
180 0
180 0
180 0
180 0
180 0
180 0
180 0
180 4
180 4
180 4
180 0
181 3
181 4
181 0
181 3
181 2
181 0
181 2
181 3
181 4
181 0
181 0
181 0
181 4
181 0
181 2
181 4
181 4
181 0
181 4
181 0
181 3
181 4
181 0
181 0
181 4
181 0
181 4
181 3
181 4
181 4
181 4
181 2
182 4
182 0
182 2
182 0
182 2
182 1
182 2
182 3
182 0
182 0
182 4
182 3
182 0
182 4
182 3
182 4
182 3
182 0
182 2
182 2
182 4
182 0
182 4
182 0
182 4
182 4
182 0
182 0
182 0
182 0
183 4
183 0
183 0
183 1
183 0
183 4
183 4
183 0
183 3
183 3
183 0
183 0
183 4
183 0
183 2
183 4
183 0
183 0
183 4
183 0
183 4
183 0
183 4
183 3
183 0
183 4
183 4
183 0
183 4
183 2
183 4
183 0
183 2
183 0
183 0
183 0
183 0
184 0
184 4
184 2
184 0
184 4
184 0
184 3
184 4
184 4
184 0
184 0
184 2
184 0
184 0
184 4
184 0
184 2
184 4
184 0
184 4
184 0
184 3
184 4
184 0
184 3
184 0
184 0
184 0
184 4
184 0
184 3
184 4
184 0
184 2
184 2
185 4
185 2
185 4
185 0
185 0
185 0
185 4
185 0
185 0
185 0
185 4
185 0
185 4
185 0
185 0
185 2
185 3
185 3
185 1
185 0
185 0
185 0
185 3
185 2
185 0
185 0
185 4
185 2
185 0
185 4
185 2
185 4
185 0
185 4
185 0
185 3
185 1
185 4
185 3
186 0
186 0
186 0
186 0
186 4
186 3
186 0
186 0
186 3
186 0
186 3
186 3
186 4
186 2
186 2
186 0
186 4
186 3
186 4
186 0
186 4
186 0
186 4
186 0
186 4
186 2
186 0
186 0
186 2
186 4
186 3
186 4
186 4
186 0
186 2
186 4
187 2
187 1
187 4
187 4
187 0
187 3
187 4
187 0
187 3
187 2
187 3
187 0
187 3
187 0
187 0
187 1
187 0
187 0
187 1
187 3
187 4
187 0
187 4
187 0
187 4
187 0
187 4
187 0
187 0
187 0
187 2
187 0
187 0
187 3
187 3
187 0
188 3
188 4
188 3
188 0
188 4
188 0
188 2
188 4
188 0
188 4
188 0
188 0
188 0
188 2
188 1
188 2
188 3
188 3
188 3
188 4
188 0
188 4
188 1
188 1
188 0
188 4
188 4
188 3
188 0
188 0
188 0
188 0
188 3
188 4
189 3
189 3
189 0
189 0
189 0
189 4
189 3
189 0
189 4
189 4
189 3
189 4
189 0
189 0
189 0
189 2
189 0
189 0
189 0
189 3
189 4
189 0
189 0
189 3
189 4
189 4
189 4
189 4
189 3
189 0
189 0
189 3
189 3
189 0
189 0
189 4
189 0
190 4
190 4
190 1
190 4
190 0
190 4
190 0
190 4
190 0
190 0
190 0
190 3
190 0
190 0
190 0
190 0
190 0
190 0
190 0
190 0
190 4
190 4
190 0
190 1
190 0
190 4
190 0
190 0
190 4
190 4
190 4
191 4
191 4
191 3
191 0
191 4
191 0
191 4
191 0
191 0
191 4
191 0
191 0
191 3
191 2
191 2
191 0
191 4
191 0
191 3
191 0
191 0
191 0
191 4
191 0
191 0
191 0
191 0
191 2
191 2
191 4
191 0
191 1
191 4
191 2
191 4
191 1
192 3
192 1
192 4
192 1
192 0
192 1
192 4
192 0
192 0
192 0
192 2
192 0
192 3
192 4
192 1
192 0
192 0
192 4
192 3
192 2
192 0
192 3
192 3
192 4
192 4
192 3
192 0
192 0
192 4
192 0
192 0
192 4
192 3
192 4
192 4
192 0
192 0
192 4
192 4
192 4
193 1
193 1
193 4
193 3
193 0
193 0
193 4
193 3
193 4
193 3
193 0
193 0
193 3
193 3
193 4
193 1
193 4
193 4
193 4
193 4
193 3
193 0
193 3
193 4
193 4
193 4
193 2
193 0
193 2
193 3
194 0
194 0
194 0
194 0
194 0
194 4
194 0
194 1
194 0
194 3
194 1
194 0
194 4
194 0
194 4
194 4
194 4
194 4
194 0
194 4
194 2
194 1
194 0
194 2
194 2
194 4
194 3
194 3
194 4
194 2
194 0
194 0
194 4
194 2
195 0
195 0
195 4
195 4
195 0
195 4
195 4
195 0
195 0
195 3
195 0
195 0
195 4
195 0
195 4
195 4
195 3
195 4
195 0
195 0
195 4
195 0
195 0
195 1
195 1
195 0
195 2
195 0
195 4
195 2
195 3
196 4
196 0
196 0
196 2
196 3
196 4
196 3
196 3
196 0
196 0
196 4
196 4
196 4
196 4
196 3
196 2
196 1
196 3
196 0
196 4
196 0
196 0
196 3
196 0
196 3
196 3
197 0
197 1
197 3
197 2
197 0
197 4
197 0
197 0
197 0
197 0
197 2
197 4
197 3
197 0
197 0
197 0
197 4
197 0
197 0
197 0
197 4
197 3
197 1
197 0
197 2
197 4
197 4
197 4
197 3
198 0
198 4
198 4
198 0
198 0
198 3
198 3
198 2
198 0
198 3
198 4
198 4
198 4
198 0
198 3
198 0
198 0
198 0
198 0
198 2
198 0
198 2
198 4
198 0
198 0
198 4
198 0
198 0
199 0
199 4
199 3
199 0
199 0
199 3
199 0
199 0
199 3
199 0
199 2
199 0
199 0
199 3
199 0
199 0
199 0
199 4
199 0
199 3
199 0
199 4
199 4
199 0
199 2
199 0
199 4
199 0
199 4
199 1
199 3
199 0
199 0
200 0
200 0
200 3
200 0
200 0
200 0
200 3
200 3
200 0
200 0
200 0
200 0
200 0
200 0
200 3
200 2
200 3
200 4
200 4
200 4
200 3
200 4
200 4
200 4
200 0
201 3
201 3
201 0
201 0
201 0
201 0
201 0
201 0
201 0
201 0
201 0
201 4
201 4
201 3
201 3
201 0
201 1
201 4
201 0
201 0
201 4
201 4
201 0
201 4
201 4
201 4
201 0
201 3
202 3
202 2
202 4
202 0
202 0
202 0
202 0
202 0
202 0
202 3
202 1
202 3
202 0
202 0
202 0
202 0
202 0
202 0
202 0
202 0
202 0
202 4
202 3
202 4
202 4
202 4
202 0
202 4
202 2
202 0
202 0
202 3
203 0
203 2
203 0
203 0
203 0
203 3
203 2
203 2
203 4
203 0
203 0
203 4
203 2
203 3
203 1
203 4
203 0
203 4
203 3
203 3
203 0
203 0
203 0
203 0
203 4
203 3
203 3
204 0
204 0
204 4
204 0
204 3
204 3
204 0
204 4
204 4
204 0
204 0
204 3
204 4
204 0
204 4
204 4
204 2
204 1
204 4
204 4
204 4
204 3
205 0
205 1
205 3
205 3
205 0
205 2
205 0
205 4
205 0
205 2
205 0
205 0
205 0
205 2
205 1
205 0
205 3
205 0
205 4
205 3
205 1
205 3
205 0
205 0
205 4
205 0
205 4
205 0
206 4
206 4
206 3
206 1
206 1
206 4
206 4
206 0
206 0
206 4
206 3
206 4
206 4
206 0
206 0
206 0
206 2
206 1
206 4
206 0
206 4
206 4
206 1
206 0
206 4
206 0
206 0
207 0
207 3
207 4
207 2
207 0
207 3
207 3
207 3
207 0
207 2
207 0
207 0
207 0
207 3
207 3
207 4
207 4
207 0
207 0
207 4
207 0
208 4
208 1
208 4
208 0
208 2
208 0
208 3
208 4
208 3
208 4
208 0
208 0
208 4
208 0
208 2
208 4
208 4
208 2
208 4
208 4
208 0
208 0
208 0
208 4
208 3
208 2
208 0
208 3
208 1
208 1
208 0
209 2
209 4
209 0
209 4
209 2
209 2
209 4
209 0
209 1
209 0
209 0
209 0
209 3
209 2
209 4
209 1
209 2
209 0
209 3
209 4
209 0
209 0
209 4
209 4
209 2
209 0
209 4
209 0
210 0
210 0
210 4
210 2
210 4
210 4
210 3
210 0
210 1
210 4
210 0
210 0
210 3
210 0
210 0
210 4
210 3
210 3
210 4
210 3
210 2
210 1
210 4
210 4
210 4
210 2
211 4
211 0
211 0
211 2
211 0
211 0
211 0
211 4
211 2
211 0
211 0
211 0
211 0
211 4
211 2
211 4
211 3
211 0
211 0
211 0
211 3
211 1
211 0
211 2
211 0
211 0
211 0
211 1
212 0
212 0
212 0
212 4
212 0
212 0
212 4
212 4
212 4
212 4
212 1
212 3
212 1
212 3
212 0
212 4
212 4
212 4
212 3
212 4
212 3
212 3
212 0
212 0
212 4
212 4
212 3
213 0
213 0
213 4
213 3
213 4
213 1
213 0
213 0
213 1
213 3
213 4
213 2
213 4
213 0
213 3
213 1
213 0
213 0
213 0
213 0
213 0
213 1
213 4
213 1
214 4
214 4
214 4
214 4
214 0
214 1
214 0
214 0
214 0
214 2
214 4
214 4
214 3
214 4
214 0
214 2
214 0
214 1
214 0
214 4
214 4
215 3
215 0
215 2
215 4
215 4
215 3
215 4
215 3
215 3
215 2
215 0
215 0
215 0
215 1
215 3
215 0
215 0
215 0
215 0
215 3
215 3
215 4
215 0
216 0
216 4
216 1
216 4
216 2
216 4
216 4
216 4
216 4
216 4
216 4
216 1
216 0
216 0
216 4
216 0
216 3
216 4
216 0
216 0
216 4
216 0
217 1
217 0
217 3
217 0
217 0
217 0
217 4
217 4
217 4
217 0
217 0
217 0
217 4
217 2
217 1
217 0
217 0
217 1
217 4
217 0
217 3
217 2
217 1
217 4
217 3
218 1
218 1
218 4
218 2
218 3
218 4
218 2
218 2
218 1
218 0
218 0
218 2
218 0
218 0
218 0
218 0
218 0
218 0
218 0
218 4
218 1
218 4
218 3
218 0
218 3
218 3
219 4
219 0
219 4
219 1
219 0
219 0
219 4
219 2
219 4
219 4
219 0
219 2
219 4
219 4
219 0
219 1
219 0
219 2
219 0
219 0
219 4
219 4
219 4
219 4
219 4
219 0
220 4
220 3
220 0
220 3
220 1
220 1
220 2
220 2
220 3
220 0
220 1
220 0
220 2
220 4
220 2
220 3
220 0
220 0
220 4
220 4
220 3
220 3
220 1
220 0
220 0
220 0
220 4
220 0
220 3
220 1
220 4
221 3
221 4
221 4
221 1
221 4
221 2
221 4
221 3
221 0
221 1
221 2
221 0
221 4
221 0
221 3
221 0
221 0
221 2
221 4
221 3
221 2
221 3
221 3
221 0
222 0
222 3
222 1
222 0
222 4
222 4
222 0
222 0
222 4
222 0
222 4
222 2
222 0
222 0
222 0
222 0
222 0
222 1
222 0
222 3
222 0
222 0
222 3
222 1
222 3
222 2
222 0
222 0
223 4
223 3
223 3
223 0
223 0
223 3
223 0
223 4
223 1
223 4
223 4
223 4
223 4
223 0
223 0
223 0
223 3
223 0
223 0
223 0
223 0
223 0
223 0
223 0
223 0
224 1
224 3
224 0
224 4
224 0
224 4
224 0
224 3
224 3
224 3
224 0
224 0
224 2
224 4
224 0
224 0
224 1
224 0
224 4
224 4
224 2
224 4
224 4
224 4
224 0
224 4
225 2
225 1
225 4
225 3
225 0
225 0
225 4
225 0
225 0
225 4
225 1
225 1
225 0
225 0
225 0
225 3
225 4
225 0
225 1
225 0
225 0
225 4
225 0
225 0
226 2
226 4
226 2
226 3
226 0
226 0
226 4
226 1
226 3
226 0
226 0
226 4
226 0
226 0
226 0
226 4
226 0
226 0
226 0
226 0
226 4
226 1
226 0
226 3
226 2
226 2
227 3
227 0
227 0
227 4
227 0
227 2
227 2
227 0
227 3
227 0
227 4
227 2
227 0
227 1
227 3
227 2
227 0
227 4
227 0
227 0
227 0
227 4
227 0
227 0
227 4
227 2
227 4
227 1
227 0
227 1
227 0
227 4
227 2
227 4
228 0
228 4
228 1
228 4
228 4
228 4
228 0
228 2
228 3
228 4
228 4
228 0
228 0
228 0
228 0
228 3
228 0
228 4
228 2
228 1
228 1
228 4
228 3
228 2
228 3
228 0
228 0
228 1
229 4
229 0
229 0
229 0
229 4
229 0
229 0
229 0
229 0
229 2
229 0
229 1
229 0
229 3
229 4
229 0
229 0
229 4
229 0
229 4
229 2
229 4
229 4
229 2
229 3
229 0
230 2
230 1
230 3
230 3
230 1
230 4
230 2
230 3
230 0
230 3
230 4
230 3
230 2
230 1
230 0
230 2
230 1
230 0
230 4
230 1
230 0
230 1
230 3
230 4
230 4
230 3
231 0
231 1
231 2
231 0
231 1
231 0
231 3
231 0
231 4
231 3
231 0
231 3
231 1
231 0
231 2
231 2
231 4
231 1
231 0
231 4
231 0
231 2
231 4
231 1
231 0
231 3
231 0
231 4
232 3
232 0
232 3
232 3
232 0
232 0
232 4
232 2
232 0
232 1
232 0
232 4
232 4
232 3
232 1
232 3
232 0
232 4
232 0
232 2
232 0
232 4
232 0
232 0
232 1
232 2
233 0
233 0
233 3
233 4
233 2
233 0
233 2
233 3
233 0
233 0
233 3
233 0
233 0
233 4
233 1
233 4
233 0
233 0
233 3
233 0
233 0
233 0
234 1
234 0
234 2
234 0
234 4
234 0
234 0
234 0
234 0
234 0
234 0
234 0
234 3
234 4
234 2
234 4
234 0
234 0
234 0
234 1
234 2
234 0
234 4
234 2
235 3
235 0
235 0
235 0
235 2
235 1
235 4
235 3
235 4
235 2
235 0
235 0
235 0
235 0
235 1
235 4
235 2
235 0
235 0
235 2
235 4
235 1
235 0
235 0
235 0
236 0
236 0
236 0
236 3
236 0
236 2
236 0
236 0
236 0
236 3
236 0
236 4
236 0
236 4
236 4
236 0
236 0
236 4
236 0
236 0
236 0
236 1
236 0
236 0
236 0
236 0
236 0
236 0
236 0
236 0
236 0
236 0
236 0
236 3
237 0
237 2
237 0
237 3
237 0
237 1
237 3
237 3
237 0
237 3
237 0
237 4
237 0
237 0
237 0
237 4
237 1
237 0
237 2
237 3
237 4
237 2
237 4
237 4
237 3
237 4
237 0
238 4
238 3
238 2
238 4
238 4
238 0
238 1
238 4
238 4
238 0
238 2
238 0
238 4
238 3
238 0
238 0
238 0
238 0
238 1
238 2
238 2
238 0
238 4
238 0
238 0
238 2
238 2
239 4
239 0
239 0
239 0
239 1
239 2
239 4
239 0
239 0
239 3
239 0
239 4
239 1
239 4
239 1
239 0
239 3
239 4
239 0
239 1
239 3
239 0
239 0
239 3
239 0
239 1
239 4
239 0
239 4
