0 35
0 39
0 5
0 38
0 4
0 38
0 24
0 32
0 13
0 1
0 14
0 4
0 41
0 41
0 33
0 38
0 2
0 1
0 27
0 35
0 13
0 7
0 2
0 11
0 27
0 14
0 33
0 33
0 41
0 2
0 19
0 12
0 2
0 2
0 19
0 3
0 2
0 10
0 22
0 9
0 38
0 12
0 21
0 25
0 19
0 7
0 3
0 20
0 37
0 16
0 13
0 13
0 9
0 1
0 38
0 2
0 24
0 15
0 2
0 24
0 36
0 45
0 4
0 8
0 20
0 33
0 48
0 27
0 1
0 19
0 20
0 2
0 11
0 18
0 1
0 24
0 7
0 24
0 13
0 9
0 24
0 27
0 24
0 27
0 32
0 37
0 32
0 20
0 32
0 2
0 9
0 13
0 0
0 38
0 33
0 43
0 19
0 19
0 35
0 49
0 20
0 2
0 2
0 10
0 31
0 2
0 32
1 1
1 22
1 37
1 2
1 2
1 13
1 19
1 35
1 20
1 2
1 1
1 2
1 46
1 13
1 13
1 12
1 25
1 23
1 10
1 24
1 2
1 45
1 33
1 20
1 2
1 13
1 9
1 2
1 3
1 14
1 2
1 19
1 35
1 33
1 2
1 16
1 16
1 1
1 13
1 33
1 2
1 32
1 28
1 12
1 32
1 33
1 19
1 1
1 19
1 20
1 20
1 2
1 45
1 0
1 24
1 13
1 33
1 2
1 22
1 9
1 24
1 19
1 14
1 13
1 28
1 33
1 43
1 32
1 9
1 39
1 13
1 1
1 19
1 2
1 19
1 13
1 24
1 1
1 1
1 13
1 2
1 31
1 20
1 32
1 49
1 11
1 38
1 24
1 33
1 1
1 9
1 12
1 13
1 25
1 11
1 19
1 2
1 38
1 20
1 19
1 33
1 1
1 37
1 9
1 32
1 25
1 2
2 19
2 27
2 13
2 0
2 9
2 5
2 25
2 20
2 9
2 25
2 19
2 33
2 2
2 0
2 1
2 8
2 24
2 1
2 19
2 7
2 0
2 12
2 32
2 9
2 41
2 13
2 3
2 3
2 32
2 38
2 41
2 10
2 24
2 11
2 19
2 20
2 31
2 45
2 20
2 24
2 33
2 49
2 10
2 0
2 32
2 49
2 13
2 0
2 46
2 3
2 12
2 41
2 8
2 20
2 19
2 13
2 35
2 19
2 20
2 38
2 33
2 24
2 9
2 33
2 9
2 20
2 2
2 12
2 49
2 1
2 1
2 19
2 24
2 12
2 19
2 45
2 1
2 14
2 21
2 2
2 38
2 37
2 5
2 24
2 10
2 9
2 27
2 20
2 48
2 18
2 38
2 1
2 20
2 33
2 20
2 19
2 1
2 25
2 0
2 25
2 39
2 2
2 32
2 35
2 41
2 12
2 7
2 8
2 24
2 14
2 16
2 19
2 28
2 19
2 13
2 22
2 9
2 19
2 1
2 11
2 18
2 13
2 9
2 33
2 35
3 19
3 1
3 19
3 25
3 45
3 9
3 1
3 9
3 36
3 1
3 31
3 1
3 21
3 22
3 1
3 9
3 20
3 9
3 0
3 2
3 11
3 9
3 25
3 3
3 0
3 20
3 8
3 43
3 9
3 19
3 1
3 45
3 14
3 13
3 13
3 4
3 25
3 24
3 23
3 8
3 1
3 21
3 16
3 10
3 3
3 35
3 11
3 31
3 23
3 9
3 8
3 13
3 1
3 24
3 19
3 21
3 14
3 49
3 6
3 11
3 15
3 24
3 11
3 16
3 19
3 21
3 12
3 0
3 9
3 38
3 9
3 2
3 13
3 31
3 31
3 9
3 13
3 14
3 38
3 20
3 13
3 12
3 21
3 18
3 37
3 22
3 37
3 2
3 1
3 16
3 7
3 20
3 12
3 19
3 35
3 2
3 4
3 0
3 10
3 32
3 18
3 20
3 20
3 20
3 10
3 12
3 23
3 19
3 9
3 25
3 2
3 38
3 21
3 32
3 19
3 19
3 27
3 25
3 33
3 0
3 7
3 35
3 38
3 1
3 13
3 32
3 39
3 19
3 4
4 33
4 3
4 1
4 9
4 11
4 13
4 24
4 1
4 8
4 25
4 14
4 16
4 14
4 32
4 7
4 19
4 32
4 19
4 2
4 24
4 10
4 0
4 33
4 1
4 38
4 20
4 27
4 35
4 24
4 20
4 21
4 19
4 11
4 18
4 9
4 40
4 13
4 35
4 19
4 20
4 45
4 21
4 2
4 14
4 7
4 43
4 48
4 1
4 33
4 41
4 43
4 13
4 1
4 39
4 2
4 7
4 9
4 8
4 11
4 9
4 0
4 13
4 19
4 40
4 19
4 7
4 20
4 19
4 18
4 1
4 48
4 33
4 7
4 1
4 38
4 36
4 19
4 20
4 20
4 5
4 38
4 4
4 13
4 9
4 13
4 3
4 11
4 24
4 19
4 21
4 24
4 9
4 19
4 38
4 25
4 32
4 7
4 25
4 2
4 13
4 19
4 9
4 2
4 46
4 4
4 10
4 43
4 0
4 25
4 23
4 3
4 7
4 41
4 24
4 27
4 19
4 24
4 2
4 33
4 2
4 20
5 2
5 9
5 4
5 16
5 4
5 22
5 2
5 45
5 38
5 2
5 8
5 0
5 23
5 33
5 3
5 33
5 9
5 32
5 12
5 20
5 33
5 19
5 27
5 1
5 2
5 36
5 13
5 25
5 24
5 32
5 11
5 21
5 24
5 0
5 19
5 32
5 0
5 2
5 33
5 21
5 9
5 20
5 38
5 4
5 9
5 28
5 42
5 22
5 1
5 19
5 27
5 33
5 38
5 31
5 24
5 5
5 22
5 9
5 2
5 3
5 10
5 4
5 1
5 46
5 1
5 9
5 38
5 41
5 10
5 38
5 2
5 13
5 13
5 19
5 2
5 11
5 13
5 27
5 16
5 32
5 1
5 13
5 32
5 31
5 2
5 12
5 39
5 19
5 3
5 13
5 3
5 21
5 19
5 24
5 0
5 5
5 24
5 19
5 24
5 9
5 20
5 9
5 24
5 2
5 14
5 27
5 16
5 33
5 10
5 7
5 49
5 13
5 24
5 18
5 49
5 5
5 13
5 31
5 5
5 21
5 13
5 2
5 32
5 9
5 24
5 24
5 37
5 8
5 23
6 4
6 20
6 32
6 13
6 24
6 21
6 13
6 13
6 2
6 20
6 33
6 7
6 46
6 19
6 20
6 8
6 20
6 10
6 38
6 24
6 7
6 8
6 22
6 3
6 31
6 12
6 41
6 45
6 32
6 19
6 9
6 13
6 12
6 27
6 19
6 0
6 2
6 8
6 45
6 31
6 27
6 1
6 10
6 12
6 2
6 37
6 43
6 28
6 21
6 9
6 37
6 33
6 25
6 9
6 27
6 24
6 0
6 2
6 20
6 13
6 0
6 2
6 9
6 1
6 31
6 20
6 32
6 1
6 33
6 2
6 27
6 45
6 13
6 19
6 27
6 19
6 9
6 22
6 2
6 1
6 4
6 43
6 41
6 13
6 25
6 19
6 28
6 2
6 33
6 27
6 10
6 22
6 33
6 1
6 16
6 24
6 38
6 33
6 7
6 13
6 9
6 31
6 13
6 31
6 48
6 24
6 3
6 0
6 25
6 1
6 19
6 4
6 27
6 32
6 14
6 37
6 13
6 24
6 24
6 8
6 27
6 19
6 23
6 13
6 28
6 32
6 9
6 37
6 38
6 3
6 31
6 13
6 14
6 4
6 21
6 22
6 27
7 12
7 13
7 41
7 9
7 28
7 25
7 32
7 21
7 2
7 7
7 20
7 19
7 9
7 19
7 19
7 9
7 7
7 33
7 1
7 39
7 13
7 19
7 33
7 13
7 24
7 4
7 4
7 22
7 9
7 5
7 0
7 24
7 27
7 12
7 27
7 37
7 13
7 12
7 20
7 48
7 4
7 20
7 32
7 27
7 35
7 27
7 9
7 19
7 1
7 27
7 7
7 46
7 38
7 25
7 13
7 4
7 13
7 31
7 9
7 19
7 2
7 13
7 19
7 10
7 2
7 24
7 19
7 31
7 7
7 32
7 20
7 28
7 33
7 9
7 43
7 37
7 49
7 13
7 1
7 2
7 19
7 19
7 0
7 9
7 20
7 32
7 24
7 33
7 10
7 13
7 9
7 0
7 24
7 12
7 37
7 35
7 20
7 10
7 20
7 31
7 24
7 2
7 39
7 25
7 24
7 45
7 9
7 19
7 22
7 2
7 13
7 13
7 12
7 22
7 9
7 2
7 2
7 2
7 8
7 19
7 35
7 19
7 2
7 19
7 32
7 31
7 2
7 24
7 22
7 8
7 16
7 24
7 2
7 13
7 0
7 23
7 32
7 12
7 10
7 16
7 5
7 19
7 9
8 27
8 19
8 7
8 7
8 33
8 9
8 43
8 19
8 37
8 12
8 24
8 20
8 33
8 35
8 3
8 0
8 45
8 19
8 37
8 16
8 20
8 13
8 37
8 18
8 13
8 32
8 12
8 24
8 3
8 13
8 32
8 32
8 19
8 8
8 19
8 4
8 33
8 9
8 13
8 19
8 12
8 31
8 38
8 24
8 38
8 11
8 27
8 9
8 19
8 10
8 2
8 33
8 3
8 13
8 9
8 2
8 37
8 9
8 19
8 38
8 9
8 4
8 4
8 13
8 2
8 1
8 19
8 24
8 19
8 27
8 27
8 27
8 27
8 38
8 19
8 3
8 9
8 20
8 33
8 13
8 20
8 24
8 21
8 7
8 13
8 20
8 24
8 13
8 32
8 14
8 7
8 8
8 2
8 27
8 10
8 8
8 24
8 2
8 12
8 13
8 20
8 4
8 21
8 0
8 2
8 19
8 2
8 2
8 19
8 33
8 23
8 9
8 14
8 31
8 9
8 32
8 19
8 19
8 39
8 33
8 24
8 2
8 0
8 41
8 8
8 46
8 10
8 25
8 33
8 2
8 32
8 2
8 9
8 33
8 27
8 20
8 1
8 19
8 33
8 4
8 13
8 11
8 31
8 3
9 32
9 12
9 5
9 12
9 5
9 24
9 14
9 2
9 12
9 23
9 13
9 14
9 16
9 19
9 10
9 9
9 13
9 24
9 3
9 38
9 0
9 28
9 22
9 24
9 2
9 2
9 4
9 27
9 2
9 24
9 39
9 11
9 37
9 2
9 20
9 12
9 6
9 10
9 12
9 10
9 38
9 12
9 21
9 37
9 9
9 13
9 9
9 24
9 19
9 16
9 2
9 1
9 33
9 24
9 9
9 19
9 37
9 28
9 9
9 45
9 20
9 5
9 2
9 20
9 2
9 35
9 19
9 19
9 37
9 24
9 20
9 2
9 33
9 9
9 24
9 2
9 11
9 10
9 37
9 37
9 23
9 16
9 8
9 32
9 32
9 2
9 1
9 49
9 24
9 24
9 41
9 32
9 9
9 20
9 22
9 19
9 37
9 35
9 33
9 22
9 19
9 9
9 9
9 19
9 28
9 31
9 8
9 22
9 19
9 15
9 25
9 9
9 27
9 2
9 11
9 12
9 32
9 19
9 1
9 24
9 32
9 24
9 2
9 7
9 27
9 2
9 12
9 8
9 32
9 33
9 20
9 21
9 9
9 8
9 43
9 4
9 2
9 20
9 32
9 28
9 11
9 28
9 19
9 19
9 19
9 7
9 2
9 33
9 31
9 20
10 24
10 25
10 2
10 49
10 3
10 4
10 31
10 1
10 1
10 38
10 22
10 10
10 16
10 35
10 33
10 21
10 2
10 31
10 19
10 14
10 32
10 33
10 2
10 9
10 19
10 20
10 19
10 21
10 9
10 4
10 43
10 9
10 4
10 22
10 16
10 1
10 37
10 32
10 33
10 16
10 12
10 41
10 0
10 13
10 7
10 22
10 2
10 11
10 7
10 2
10 27
10 27
10 22
10 0
10 24
10 25
10 31
10 22
10 0
10 2
10 32
10 22
10 32
10 28
10 2
10 39
10 7
10 32
10 21
10 19
10 36
10 8
10 10
10 18
10 1
10 10
10 32
10 10
10 5
10 10
10 14
10 2
10 19
10 8
10 24
10 13
10 46
10 2
10 2
10 19
10 38
10 9
10 11
10 21
10 19
10 20
10 33
10 49
10 37
10 16
10 19
10 2
10 8
10 14
10 13
10 9
10 43
10 0
10 19
10 2
10 2
10 25
10 13
10 43
10 19
10 41
10 3
10 35
10 45
10 27
10 16
10 28
10 49
10 19
10 0
10 45
10 19
10 17
10 19
10 19
10 21
10 36
10 2
10 19
10 9
10 9
10 14
10 33
10 20
10 27
10 33
10 18
10 2
10 14
11 2
11 32
11 20
11 14
11 22
11 9
11 14
11 32
11 12
11 22
11 20
11 14
11 12
11 13
11 13
11 33
11 19
11 32
11 27
11 27
11 33
11 24
11 1
11 25
11 18
11 19
11 35
11 7
11 11
11 22
11 8
11 3
11 31
11 20
11 16
11 10
11 24
11 0
11 32
11 33
11 9
11 4
11 20
11 12
11 10
11 24
11 2
11 19
11 12
11 2
11 39
11 21
11 2
11 43
11 22
11 7
11 35
11 3
11 12
11 13
11 43
11 0
11 19
11 3
11 9
11 32
11 20
11 12
11 33
11 8
11 23
11 22
11 25
11 19
11 20
11 2
11 3
11 13
11 39
11 36
11 19
11 0
11 2
11 12
11 4
11 8
11 19
11 19
11 19
11 5
11 25
11 4
11 0
11 2
11 21
11 8
11 13
11 21
11 19
11 22
11 19
11 35
11 27
11 2
11 35
11 3
11 35
11 25
11 24
11 45
11 16
11 19
11 19
11 33
11 41
11 9
11 20
11 27
11 19
11 33
11 10
11 18
11 3
11 12
11 19
11 9
11 23
11 31
11 19
11 19
11 13
11 10
11 0
11 43
11 12
11 14
11 31
11 37
11 14
11 0
11 8
11 2
11 19
11 33
11 20
11 0
12 3
12 14
12 2
12 1
12 22
12 11
12 38
12 35
12 25
12 33
12 33
12 12
12 37
12 2
12 2
12 0
12 22
12 19
12 13
12 20
12 37
12 32
12 20
12 27
12 13
12 45
12 1
12 24
12 5
12 8
12 9
12 1
12 1
12 25
12 28
12 33
12 12
12 0
12 27
12 19
12 19
12 39
12 1
12 32
12 13
12 5
12 37
12 12
12 19
12 12
12 2
12 2
12 43
12 38
12 2
12 14
12 2
12 3
12 41
12 0
12 13
12 11
12 49
12 33
12 1
12 12
12 2
12 0
12 43
12 9
12 33
12 12
12 46
12 33
12 12
12 9
12 31
12 16
12 18
12 33
12 19
12 31
12 8
12 32
12 19
12 33
12 9
12 12
12 10
12 2
12 25
12 16
12 35
12 2
12 32
12 11
12 19
12 39
12 10
12 45
12 16
12 13
12 35
12 2
12 2
12 19
12 4
12 9
12 1
12 32
12 25
12 27
12 2
12 15
12 20
12 32
12 24
12 16
12 36
12 19
12 2
12 33
12 2
12 3
12 31
12 33
12 21
12 24
12 1
12 49
12 24
12 0
12 7
12 13
12 2
12 2
12 32
12 12
12 0
12 11
12 4
12 38
12 19
12 21
12 46
12 31
12 4
12 24
12 24
12 37
12 23
12 32
13 24
13 7
13 21
13 19
13 33
13 40
13 24
13 49
13 11
13 21
13 21
13 2
13 38
13 33
13 24
13 31
13 4
13 21
13 9
13 39
13 41
13 33
13 14
13 25
13 21
13 2
13 2
13 12
13 10
13 2
13 32
13 19
13 31
13 14
13 14
13 43
13 2
13 10
13 13
13 14
13 33
13 35
13 32
13 43
13 8
13 11
13 13
13 25
13 13
13 9
13 24
13 32
13 43
13 32
13 4
13 24
13 2
13 27
13 45
13 11
13 4
13 17
13 27
13 12
13 33
13 19
13 35
13 19
13 19
13 1
13 33
13 1
13 10
13 19
13 33
13 45
13 21
13 33
13 25
13 33
13 20
13 32
13 20
13 45
13 32
13 19
13 9
13 43
13 31
13 2
13 33
13 27
13 10
13 4
13 19
13 22
13 4
13 32
13 21
13 4
13 1
13 20
13 32
13 19
13 28
13 38
13 33
13 19
13 33
13 14
13 20
13 32
13 1
13 33
13 10
13 13
13 19
13 33
13 32
13 19
13 41
13 19
13 41
13 32
13 38
13 19
13 13
13 45
13 46
13 37
13 33
13 4
13 1
13 4
13 10
13 31
13 3
13 1
13 33
13 0
14 2
14 1
14 2
14 19
14 2
14 24
14 19
14 20
14 19
14 33
14 19
14 19
14 1
14 32
14 19
14 2
14 1
14 0
14 1
14 19
14 20
14 20
14 12
14 22
14 37
14 19
14 14
14 4
14 3
14 19
14 1
14 37
14 2
14 14
14 25
14 31
14 12
14 11
14 0
14 12
14 21
14 0
14 23
14 0
14 20
14 38
14 22
14 16
14 19
14 1
14 20
14 37
14 32
14 19
14 33
14 38
14 9
14 11
14 43
14 7
14 33
14 33
14 21
14 33
14 14
14 45
14 5
14 2
14 1
14 41
14 49
14 25
14 32
14 38
14 27
14 24
14 24
14 19
14 4
14 10
14 7
14 20
14 24
14 19
14 0
14 3
14 41
14 11
14 0
14 1
14 46
14 24
14 2
14 35
14 9
14 35
14 24
14 33
14 3
14 43
14 1
14 3
14 33
14 45
14 0
14 8
14 2
14 22
14 13
14 33
14 32
14 35
14 19
14 0
14 24
14 3
14 24
14 9
14 27
14 32
14 38
14 41
14 2
14 33
14 14
14 25
14 35
14 13
14 22
14 27
14 19
14 12
14 2
14 19
14 19
14 2
14 23
14 0
14 11
14 31
15 7
15 33
15 38
15 19
15 37
15 8
15 10
15 4
15 19
15 49
15 33
15 1
15 2
15 33
15 0
15 41
15 32
15 4
15 27
15 10
15 0
15 10
15 3
15 2
15 27
15 24
15 2
15 33
15 0
15 2
15 24
15 13
15 24
15 0
15 3
15 5
15 20
15 32
15 25
15 2
15 33
15 19
15 25
15 21
15 2
15 24
15 1
15 19
15 32
15 21
15 11
15 10
15 19
15 21
15 43
15 21
15 19
15 23
15 21
15 38
15 35
15 12
15 24
15 31
15 24
15 19
15 1
15 24
15 24
15 35
15 38
15 2
15 19
15 13
15 20
15 21
15 37
15 0
15 11
15 2
15 25
15 32
15 33
15 33
15 31
15 24
15 12
15 3
15 33
15 31
15 37
15 28
15 1
15 20
15 14
15 10
15 3
15 32
15 20
15 35
15 31
15 19
15 1
15 19
15 1
15 19
15 19
15 0
15 7
15 12
15 19
15 0
15 2
15 33
15 24
15 9
15 7
15 21
15 4
15 12
15 2
15 12
15 33
15 13
15 2
15 32
15 9
15 41
15 7
15 4
15 4
16 25
16 31
16 19
16 14
16 33
16 0
16 35
16 35
16 33
16 19
16 24
16 2
16 2
16 10
16 33
16 22
16 32
16 26
16 7
16 45
16 3
16 2
16 13
16 33
16 19
16 43
16 20
16 1
16 24
16 21
16 19
16 19
16 35
16 2
16 5
16 32
16 2
16 38
16 13
16 33
16 2
16 32
16 32
16 33
16 24
16 2
16 31
16 3
16 35
16 1
16 0
16 4
16 19
16 32
16 43
16 19
16 10
16 0
16 4
16 11
16 19
16 10
16 46
16 8
16 21
16 25
16 3
16 7
16 22
16 32
16 32
16 19
16 38
16 12
16 20
16 42
16 21
16 22
16 8
16 20
16 0
16 33
16 31
16 25
16 19
16 28
16 32
16 18
16 2
16 21
16 31
16 1
16 19
16 41
16 32
16 2
16 7
16 7
16 33
16 9
16 33
16 32
16 9
16 17
16 19
16 19
16 27
16 33
16 41
16 19
16 33
16 16
16 28
16 8
16 2
16 27
16 27
16 32
16 9
16 19
16 2
16 30
16 31
16 9
17 2
17 7
17 33
17 1
17 8
17 9
17 32
17 13
17 49
17 32
17 21
17 45
17 26
17 13
17 19
17 24
17 14
17 10
17 38
17 43
17 30
17 12
17 27
17 39
17 4
17 24
17 14
17 22
17 2
17 27
17 10
17 33
17 2
17 0
17 23
17 33
17 49
17 19
17 8
17 16
17 28
17 19
17 7
17 9
17 35
17 32
17 38
17 37
17 20
17 3
17 37
17 8
17 43
17 33
17 14
17 41
17 45
17 12
17 24
17 19
17 33
17 19
17 4
17 8
17 4
17 19
17 0
17 33
17 25
17 32
17 32
17 19
17 24
17 33
17 11
17 41
17 1
17 20
17 24
17 11
17 32
17 43
17 38
17 9
17 2
17 8
17 19
17 3
17 10
17 32
17 1
17 3
17 21
17 27
17 12
17 24
17 32
17 32
17 27
17 5
17 35
17 12
17 32
17 19
17 13
17 3
17 19
17 19
17 16
17 2
17 33
17 20
17 19
17 20
17 2
17 2
17 19
17 2
18 2
18 19
18 7
18 31
18 22
18 16
18 32
18 27
18 0
18 2
18 1
18 46
18 33
18 4
18 22
18 14
18 2
18 43
18 32
18 49
18 32
18 41
18 9
18 49
18 2
18 24
18 37
18 35
18 19
18 22
18 22
18 2
18 27
18 27
18 41
18 1
18 27
18 18
18 12
18 19
18 20
18 19
18 19
18 24
18 41
18 10
18 35
18 7
18 41
18 8
18 12
18 9
18 43
18 32
18 33
18 19
18 5
18 27
18 21
18 0
18 25
18 0
18 16
18 22
18 32
18 32
18 2
18 2
18 14
18 20
18 4
18 18
18 2
18 12
18 27
18 28
18 33
18 10
18 19
18 43
18 4
18 32
18 9
18 12
18 25
18 0
18 35
18 14
18 33
18 0
18 1
18 14
18 19
18 43
18 9
18 38
18 46
18 14
18 31
18 2
18 4
18 39
18 2
18 31
18 12
18 0
18 43
18 4
18 0
18 12
18 24
18 8
18 33
18 10
18 33
18 9
18 12
18 3
18 31
18 14
18 33
18 10
19 32
19 7
19 2
19 33
19 40
19 9
19 14
19 28
19 32
19 31
19 5
19 9
19 27
19 27
19 22
19 10
19 0
19 43
19 4
19 32
19 9
19 32
19 10
19 19
19 45
19 33
19 33
19 0
19 14
19 27
19 4
19 20
19 0
19 32
19 24
19 49
19 0
19 7
19 38
19 0
19 33
19 14
19 43
19 38
19 21
19 19
19 1
19 22
19 27
19 33
19 43
19 24
19 13
19 24
19 3
19 19
19 38
19 1
19 45
19 0
19 18
19 1
19 12
19 22
19 21
19 8
19 35
19 9
19 3
19 13
19 2
19 32
19 22
19 20
19 20
19 19
19 22
19 10
19 14
19 19
19 19
19 12
19 24
19 2
19 33
19 35
19 2
19 24
19 19
19 3
19 19
19 19
19 12
19 12
19 13
19 21
19 37
19 33
19 37
19 13
19 0
19 23
19 24
19 12
19 1
19 2
19 8
19 4
19 45
19 18
20 9
20 22
20 38
20 39
20 7
20 9
20 10
20 9
20 13
20 4
20 25
20 7
20 19
20 22
20 38
20 24
20 1
20 9
20 12
20 24
20 26
20 22
20 13
20 0
20 5
20 24
20 1
20 21
20 10
20 7
20 1
20 14
20 39
20 0
20 1
20 33
20 10
20 2
20 22
20 2
20 14
20 19
20 12
20 1
20 0
20 38
20 14
20 2
20 20
20 0
20 36
20 19
20 13
20 19
20 31
20 3
20 27
20 2
20 22
20 41
20 16
20 1
20 37
20 19
20 2
20 24
20 9
20 25
20 16
20 10
20 32
20 19
20 19
20 8
20 11
20 20
20 32
20 10
20 1
20 31
20 33
20 13
20 19
20 0
20 27
20 2
20 9
20 1
20 12
20 24
20 2
20 28
20 33
20 41
20 2
20 19
20 1
20 20
20 20
20 31
20 4
20 21
20 43
20 35
20 24
20 9
20 33
20 13
20 22
20 2
20 19
20 13
20 1
20 32
20 0
20 14
20 31
20 35
21 33
21 42
21 37
21 8
21 19
21 0
21 0
21 27
21 22
21 24
21 32
21 37
21 2
21 32
21 33
21 2
21 19
21 33
21 24
21 8
21 33
21 19
21 2
21 18
21 28
21 19
21 31
21 22
21 19
21 36
21 33
21 49
21 0
21 43
21 2
21 9
21 14
21 33
21 21
21 3
21 24
21 45
21 14
21 27
21 20
21 10
21 5
21 18
21 31
21 5
21 2
21 19
21 4
21 24
21 8
21 2
21 19
21 37
21 24
21 2
21 3
21 35
21 24
21 16
21 0
21 31
21 3
21 20
21 23
21 6
21 33
21 22
21 19
21 25
21 2
21 22
21 0
21 4
21 49
21 43
21 24
21 46
21 41
21 3
21 2
21 32
21 13
21 0
21 19
21 35
21 12
21 14
21 4
21 22
21 4
21 33
21 25
21 8
21 35
21 24
21 47
21 33
21 12
21 14
21 43
21 11
21 21
21 27
22 39
22 2
22 21
22 22
22 10
22 10
22 9
22 12
22 24
22 22
22 21
22 7
22 37
22 2
22 7
22 13
22 38
22 19
22 9
22 10
22 27
22 31
22 36
22 24
22 38
22 32
22 15
22 39
22 13
22 33
22 2
22 19
22 4
22 25
22 16
22 10
22 24
22 8
22 10
22 27
22 32
22 10
22 12
22 1
22 4
22 3
22 21
22 24
22 12
22 24
22 11
22 8
22 0
22 27
22 38
22 19
22 38
22 13
22 18
22 39
22 27
22 2
22 37
22 45
22 33
22 0
22 19
22 31
22 13
22 38
22 24
22 41
22 1
22 33
22 39
22 33
22 24
22 12
22 12
22 13
22 37
22 38
22 8
22 45
22 3
22 14
22 22
22 38
22 35
22 1
22 41
22 11
22 4
22 37
22 35
22 13
22 38
22 4
22 38
22 27
22 25
22 38
22 10
22 12
22 33
22 31
22 10
22 0
22 2
22 9
22 12
22 32
22 32
22 45
23 41
23 14
23 22
23 38
23 1
23 38
23 26
23 19
23 14
23 23
23 3
23 27
23 24
23 37
23 38
23 31
23 37
23 18
23 8
23 19
23 2
23 38
23 33
23 19
23 43
23 2
23 22
23 10
23 9
23 28
23 23
23 31
23 38
23 38
23 38
23 0
23 12
23 5
23 19
23 19
23 7
23 27
23 0
23 24
23 19
23 0
23 24
23 14
23 3
23 16
23 12
23 38
23 32
23 2
23 7
23 39
23 19
23 10
23 0
23 38
23 21
23 11
23 38
23 21
23 43
23 4
23 33
23 32
23 7
23 11
23 38
23 20
23 32
23 20
23 38
23 0
23 10
23 21
23 8
23 9
23 23
23 1
23 10
23 24
23 9
23 25
23 31
23 12
23 35
23 12
23 3
23 19
23 33
23 10
23 0
23 30
23 46
23 13
23 2
23 2
23 0
23 2
23 22
23 4
23 20
23 22
23 1
23 24
23 9
23 37
23 35
23 19
24 31
24 20
24 4
24 2
24 38
24 33
24 20
24 2
24 45
24 24
24 19
24 16
24 8
24 38
24 1
24 33
24 16
24 38
24 13
24 16
24 4
24 24
24 16
24 37
24 24
24 46
24 32
24 11
24 0
24 31
24 13
24 0
24 0
24 27
24 16
24 0
24 24
24 20
24 22
24 2
24 24
24 12
24 0
24 4
24 32
24 2
24 27
24 4
24 19
24 32
24 32
24 45
24 10
24 13
24 35
24 24
24 20
24 20
24 19
24 33
24 24
24 19
24 38
24 39
24 4
24 32
24 0
24 10
24 32
24 32
24 1
24 24
24 45
24 32
24 40
24 32
24 21
24 13
24 32
24 31
24 19
24 22
24 14
24 18
24 31
24 25
24 19
24 10
24 9
24 38
24 4
24 33
24 12
24 8
24 28
25 2
25 27
25 8
25 35
25 8
25 22
25 25
25 19
25 22
25 28
25 19
25 3
25 20
25 37
25 27
25 21
25 10
25 13
25 39
25 7
25 33
25 2
25 14
25 15
25 21
25 2
25 32
25 9
25 4
25 12
25 10
25 20
25 21
25 21
25 2
25 1
25 40
25 43
25 24
25 27
25 10
25 27
25 22
25 19
25 10
25 33
25 2
25 49
25 16
25 12
25 37
25 8
25 21
25 24
25 1
25 19
25 38
25 2
25 8
25 0
25 2
25 15
25 12
25 35
25 24
25 0
25 35
25 10
25 46
25 35
25 5
25 33
25 2
25 20
25 2
26 22
26 16
26 48
26 22
26 2
26 13
26 2
26 45
26 4
26 3
26 3
26 25
26 33
26 3
26 21
26 22
26 31
26 33
26 3
26 10
26 37
26 3
26 14
26 9
26 0
26 21
26 14
26 22
26 3
26 23
26 31
26 0
26 27
26 19
26 27
26 33
26 10
26 0
26 13
26 12
26 0
26 4
26 48
26 1
26 20
26 31
26 12
26 27
26 3
26 12
26 20
26 14
26 17
26 25
26 19
26 38
26 33
26 12
26 45
26 21
26 19
26 14
26 33
26 33
26 3
27 12
27 41
27 30
27 19
27 19
27 3
28 41
28 4
28 10
28 32
28 40
28 39
28 31
28 21
28 38
28 26
28 43
28 43
28 8
28 20
28 21
28 5
28 10
28 10
28 2
28 18
28 45
28 21
28 10
28 19
28 8
28 27
28 31
28 31
28 7
28 32
28 32
28 31
28 4
28 12
28 31
28 19
28 38
28 10
28 12
28 38
28 39
28 16
28 9
28 1
28 11
28 22
28 25
28 15
28 0
28 10
28 32
28 2
28 12
28 5
28 32
28 32
28 19
28 2
28 35
28 27
28 0
28 39
29 4
29 33
29 12
29 14
29 2
29 8
29 10
29 13
29 5
29 37
29 10
29 7
29 9
29 31
29 14
29 21
29 19
29 9
29 3
29 21
29 24
29 22
29 31
29 11
29 0
29 40
29 22
29 3
29 27
29 22
29 4
29 12
29 35
29 39
29 8
29 32
29 21
30 32
30 25
30 16
30 22
30 35
30 37
30 8
30 22
30 21
30 16
30 32
30 3
30 45
30 10
30 38
30 37
30 16
30 39
30 32
30 31
30 10
30 19
30 0
30 27
30 8
30 10
30 2
30 16
30 8
30 37
30 10
30 24
30 0
30 21
30 24
30 32
30 22
30 38
30 0
30 9
30 21
30 10
30 10
30 21
31 17
31 12
31 21
31 10
31 12
31 49
31 4
31 24
31 12
31 19
31 28
31 22
31 16
31 9
31 2
31 10
31 0
31 3
31 10
31 13
31 46
31 31
31 14
31 2
31 31
31 39
31 0
31 16
31 2
31 22
31 10
31 10
31 7
31 39
31 9
31 22
31 10
31 22
32 32
32 9
32 9
32 12
32 8
32 10
32 23
32 21
32 39
32 10
32 40
32 38
32 32
32 19
32 32
32 18
32 10
32 0
32 18
32 3
32 0
32 22
32 10
32 45
32 0
32 0
32 24
32 31
32 3
32 24
32 8
32 32
32 0
32 16
32 11
32 31
32 13
33 10
33 35
33 32
33 24
33 10
33 32
33 10
33 24
33 24
33 8
33 43
33 16
33 32
33 37
33 22
33 10
33 24
33 35
33 8
33 10
33 38
33 0
33 10
33 43
33 10
33 24
33 24
33 39
33 18
33 20
33 8
33 12
33 39
33 32
33 31
33 0
33 13
34 39
34 10
34 45
34 33
34 21
34 24
34 21
34 39
34 31
34 16
34 27
34 21
34 31
34 38
34 16
34 19
34 38
34 22
34 4
34 0
34 39
34 12
34 31
34 8
34 37
34 17
34 10
34 10
34 21
34 22
34 19
34 17
34 0
34 27
34 13
34 0
34 39
34 8
34 0
34 0
34 32
34 37
34 39
34 27
34 0
34 8
34 40
34 13
34 3
34 40
34 10
35 8
35 17
35 13
35 10
35 32
35 39
35 0
35 13
35 12
35 0
35 19
35 38
35 32
35 24
35 37
35 8
35 31
35 39
35 39
35 31
35 8
35 10
35 8
35 21
35 19
35 31
35 8
35 21
35 0
35 3
35 10
35 35
35 39
35 19
35 39
35 10
35 0
35 31
35 0
35 19
35 38
35 10
35 0
35 31
35 39
35 19
35 37
35 37
35 8
35 24
35 7
36 9
36 0
36 23
36 35
36 0
36 32
36 39
36 0
36 6
36 40
36 22
36 39
36 22
36 24
36 32
36 8
36 6
36 40
36 22
36 0
36 2
36 38
36 31
36 8
36 25
36 0
36 12
36 13
36 12
37 39
37 38
37 6
37 12
37 22
37 2
37 8
37 38
37 33
37 3
37 45
37 38
37 39
37 8
37 24
37 39
37 35
37 24
37 39
37 11
37 0
37 33
37 43
38 45
38 24
38 8
38 40
38 32
38 16
38 16
38 6
38 18
38 48
38 38
38 19
38 24
38 32
38 10
39 8
39 0
39 17
39 2
39 21
39 11
39 8
39 10
39 2
39 0
39 38
39 18
39 10
39 25
39 21
39 24
40 12
40 0
40 45
40 3
40 0
40 24
40 46
40 10
40 22
40 10
40 22
40 19
40 16
40 11
40 2
40 8
40 13
41 11
41 32
41 8
41 31
41 0
41 32
42 22
42 38
42 10
42 12
42 16
42 16
42 39
42 5
42 2
42 10
42 41
42 12
42 12
42 12
42 10
42 16
43 11
43 41
43 12
43 21
43 18
43 2
43 37
43 0
43 27
43 4
44 15
44 7
44 9
44 32
44 15
44 4
44 21
44 4
44 38
44 27
44 8
44 45
44 40
44 35
45 38
45 38
45 37
45 38
45 35
45 42
45 24
45 2
45 4
45 24
45 0
45 13
45 37
45 12
45 10
45 21
45 9
45 4
45 19
46 37
46 27
46 43
46 5
46 28
46 7
46 8
46 22
46 0
46 26
46 32
46 9
46 21
46 10
46 0
46 3
46 18
46 35
47 27
47 43
47 7
47 13
47 10
47 12
47 45
47 22
47 4
47 31
47 14
47 12
47 45
47 18
47 20
47 37
48 13
48 27
48 6
48 5
48 9
48 41
48 46
48 40
48 27
48 46
48 4
48 35
48 32
48 4
48 21
48 19
48 21
48 16
48 12
49 20
49 27
49 22
49 4
49 48
49 45
49 25
49 12
49 8
49 22
49 19
49 20
49 32
49 25
49 18
49 23
49 33
49 16
49 22
49 3
49 45
49 16
49 13
50 25
50 27
50 3
50 18
50 10
50 0
50 4
50 12
50 18
50 36
50 41
50 35
50 27
50 43
50 32
50 8
50 5
50 48
50 27
50 38
50 14
50 25
50 12
50 43
50 43
51 18
51 43
51 0
51 9
51 7
51 38
51 24
51 27
51 45
51 4
51 19
51 3
51 43
51 14
51 20
51 22
51 4
51 20
51 16
51 9
51 18
51 7
51 20
51 25
51 8
51 46
51 37
51 4
52 32
52 37
52 32
52 9
52 9
52 7
52 3
52 43
52 0
52 7
52 18
52 14
52 4
52 31
52 43
52 39
52 37
52 9
52 3
52 25
52 31
52 43
52 27
52 8
52 43
52 27
52 31
52 5
52 9
52 39
52 4
53 27
53 10
53 4
53 31
53 22
53 43
53 37
53 0
53 4
53 8
53 46
53 35
53 25
53 16
53 0
53 37
53 4
53 37
53 43
53 28
53 22
53 3
53 27
53 37
53 12
53 13
53 35
53 37
53 4
53 39
53 15
53 12
53 43
53 7
54 18
54 18
54 38
54 18
54 46
54 13
54 37
54 27
54 16
54 27
54 48
54 27
54 10
54 3
54 18
54 4
54 10
54 24
54 13
54 39
54 4
54 27
54 39
54 16
54 4
54 3
54 3
54 25
54 3
54 10
54 27
54 31
54 43
54 4
54 37
54 16
54 4
54 16
54 22
54 20
54 12
55 12
55 33
55 2
55 25
55 27
55 32
55 4
55 8
55 5
55 15
55 46
55 0
55 46
55 0
55 3
55 22
55 7
55 27
55 33
55 37
55 18
55 1
55 20
55 13
55 10
55 5
55 13
55 41
55 5
55 15
55 24
55 37
55 27
55 25
55 9
55 22
55 41
55 5
55 37
55 16
55 5
55 27
55 16
55 35
55 43
55 9
55 46
56 11
56 27
56 32
56 16
56 19
56 18
56 5
56 8
56 31
56 43
56 43
56 10
56 11
56 32
56 27
56 32
56 22
56 9
56 9
56 43
56 0
56 27
56 12
56 35
56 4
56 8
56 35
56 12
56 10
56 16
56 3
56 28
56 11
56 16
56 32
56 19
56 37
56 37
56 4
56 0
56 12
56 24
56 32
56 12
56 20
56 2
56 10
56 12
56 40
56 23
56 20
56 24
56 16
56 20
56 18
56 13
56 40
56 13
56 32
56 5
56 43
56 36
57 10
57 42
57 32
57 4
57 16
57 2
57 27
57 25
57 25
57 0
57 14
57 13
57 43
57 3
57 20
57 4
57 20
57 46
57 22
57 43
57 21
57 4
57 10
57 3
57 18
57 31
57 43
57 2
57 32
57 38
57 2
57 16
57 10
57 32
57 32
57 46
57 12
57 13
57 19
57 3
57 16
57 32
57 46
57 37
57 14
57 21
57 33
57 9
57 49
57 27
57 19
57 14
57 43
57 43
57 43
57 43
57 25
57 48
57 2
57 7
57 43
57 43
57 39
57 17
57 2
57 21
57 4
57 38
57 12
57 18
57 9
57 6
57 9
58 24
58 9
58 40
58 18
58 12
58 4
58 4
58 21
58 2
58 32
58 8
58 28
58 7
58 25
58 18
58 4
58 12
58 22
58 11
58 2
58 19
58 27
58 24
58 7
58 43
58 46
58 4
58 9
58 41
58 5
58 20
58 11
58 19
58 43
58 37
58 39
58 19
58 32
58 32
58 25
58 45
58 38
58 31
58 12
58 22
58 23
58 32
58 20
58 25
58 5
58 13
58 40
58 21
58 39
58 13
58 20
58 8
58 20
58 35
58 22
58 20
58 4
58 0
58 38
58 48
58 39
58 31
58 35
58 32
58 7
58 24
58 22
58 25
58 20
58 49
58 2
58 9
58 25
58 13
58 7
58 43
58 19
58 20
58 41
58 23
58 16
58 13
58 35
58 22
58 16
58 3
58 8
58 4
58 12
58 20
58 32
58 35
58 4
58 43
59 4
59 19
59 25
59 1
59 9
59 12
59 16
59 32
59 37
59 19
59 9
59 46
59 38
59 25
59 4
59 25
59 15
59 9
59 19
59 12
59 16
59 9
59 10
59 4
59 19
59 31
59 20
59 7
59 37
59 4
59 20
59 12
59 24
59 20
59 3
59 33
59 0
59 33
59 11
59 19
59 33
59 27
59 19
59 12
59 25
59 19
59 8
59 25
59 43
59 13
59 1
59 38
59 4
59 10
59 29
59 39
59 32
59 22
59 22
59 24
59 15
59 36
59 8
59 35
59 17
59 12
59 46
59 32
59 21
59 13
59 16
59 37
59 11
59 41
59 8
59 20
59 17
59 9
59 45
59 48
59 14
59 14
59 2
59 18
59 17
59 45
59 35
59 24
59 13
60 24
60 31
60 12
60 42
60 0
60 20
60 7
60 8
60 10
60 4
60 9
60 4
60 27
60 1
60 43
60 20
60 9
60 11
60 12
60 4
60 20
60 35
60 33
60 37
60 20
60 15
60 33
60 24
60 11
60 14
60 22
60 19
60 33
60 4
60 4
60 4
60 38
60 31
60 37
60 38
60 46
60 18
60 43
60 5
60 46
60 27
60 33
60 2
60 2
60 35
60 32
60 48
60 12
60 12
60 32
60 7
60 19
60 31
60 13
60 24
60 19
60 12
60 33
60 37
60 8
60 7
60 22
60 37
60 15
60 35
60 22
60 5
60 11
60 16
60 1
60 3
60 31
60 2
60 33
60 37
60 10
60 14
60 37
60 10
60 41
60 0
60 20
60 36
60 3
60 7
60 20
60 7
60 13
60 4
60 12
60 22
60 9
60 9
60 9
61 22
61 20
61 14
61 1
61 22
61 7
61 4
61 22
61 16
61 23
61 14
61 24
61 4
61 33
61 18
61 4
61 20
61 22
61 37
61 22
61 43
61 20
61 43
61 8
61 2
61 43
61 27
61 9
61 35
61 5
61 27
61 13
61 15
61 22
61 22
61 24
61 32
61 2
61 7
61 5
61 19
61 27
61 32
61 0
61 13
61 13
61 32
61 43
61 5
61 43
61 2
61 27
61 43
61 5
61 7
61 14
61 4
61 9
61 0
61 4
61 22
61 31
61 9
61 38
61 23
61 16
61 14
61 23
61 4
61 2
61 41
61 18
61 13
61 3
61 43
61 32
61 9
61 33
61 4
61 2
61 14
61 22
61 12
61 9
61 43
61 22
61 32
61 18
61 17
61 0
61 1
61 19
61 24
61 32
61 10
61 48
61 20
61 24
61 43
61 41
61 2
61 12
61 48
61 13
61 14
61 43
61 9
61 10
61 1
61 4
61 0
62 9
62 38
62 38
62 33
62 43
62 30
62 38
62 22
62 46
62 32
62 6
62 6
62 4
62 41
62 28
62 32
62 4
62 8
62 13
62 19
62 7
62 20
62 25
62 20
62 43
62 18
62 32
62 9
62 5
62 4
62 31
62 4
62 25
62 14
62 48
62 13
62 3
62 1
62 4
62 12
62 19
62 11
62 25
62 22
62 16
62 3
62 21
62 22
62 8
62 2
62 32
62 1
62 32
62 43
62 1
62 39
62 35
62 20
62 38
62 43
62 37
62 9
62 43
62 9
62 38
62 22
62 36
62 11
62 19
62 10
62 39
62 20
62 23
62 16
62 21
62 11
62 25
62 2
62 18
62 25
62 9
62 16
62 43
62 2
62 9
62 3
62 1
62 42
62 45
62 39
62 40
62 4
62 24
62 38
62 1
62 1
62 2
62 43
62 21
62 31
62 9
62 14
62 22
62 43
62 8
62 27
63 0
63 30
63 22
63 19
63 22
63 37
63 23
63 32
63 27
63 12
63 8
63 35
63 38
63 32
63 2
63 41
63 33
63 20
63 2
63 0
63 4
63 33
63 9
63 0
63 12
63 13
63 25
63 43
63 10
63 9
63 20
63 0
63 17
63 14
63 19
63 4
63 20
63 4
63 12
63 1
63 4
63 20
63 41
63 33
63 25
63 32
63 14
63 22
63 31
63 32
63 9
63 9
63 2
63 22
63 38
63 32
63 2
63 27
63 35
63 9
63 49
63 33
63 4
63 23
63 9
63 4
63 37
63 22
63 37
63 35
63 21
63 22
63 37
63 2
63 37
63 24
63 43
63 43
63 22
63 32
63 40
63 3
63 36
63 2
63 27
63 38
63 16
63 2
63 20
63 24
63 13
63 33
63 20
63 14
63 9
63 28
63 26
63 31
63 19
63 1
63 25
63 5
63 35
63 1
64 31
64 49
64 27
64 1
64 32
64 1
64 12
64 32
64 38
64 13
64 5
64 9
64 31
64 27
64 1
64 13
64 9
64 21
64 45
64 26
64 20
64 31
64 0
64 4
64 13
64 10
64 9
64 24
64 4
64 38
64 19
64 12
64 10
64 4
64 13
64 9
64 20
64 37
64 4
64 12
64 49
64 1
64 27
64 16
64 2
64 24
64 7
64 23
64 25
64 8
64 9
64 22
64 40
64 45
64 4
64 1
64 37
64 13
64 22
64 27
64 31
64 24
64 8
64 12
64 27
64 12
64 3
64 2
64 28
64 46
64 9
64 20
64 22
64 2
64 14
64 38
64 9
64 49
64 33
64 8
64 1
64 33
64 22
64 38
64 27
64 4
64 7
64 13
64 2
64 4
64 5
64 1
64 22
64 48
64 28
64 21
64 31
64 21
64 27
64 26
64 32
64 2
64 7
64 3
65 9
65 9
65 13
65 25
65 2
65 35
65 43
65 22
65 24
65 0
65 9
65 2
65 12
65 20
65 43
65 13
65 10
65 12
65 9
65 2
65 12
65 33
65 19
65 1
65 1
65 9
65 41
65 38
65 37
65 5
65 31
65 43
65 32
65 32
65 3
65 17
65 22
65 8
65 21
65 24
65 9
65 16
65 27
65 37
65 4
65 16
65 3
65 1
65 16
65 32
65 7
65 2
65 2
65 31
65 13
65 16
65 17
65 19
65 49
65 10
65 18
65 2
65 25
65 33
65 14
65 38
65 33
65 5
65 35
65 0
65 9
65 19
65 43
65 37
65 2
65 2
65 9
65 25
65 6
65 1
65 11
65 3
65 43
65 16
65 4
65 10
66 2
66 7
66 4
66 19
66 9
66 8
66 39
66 3
66 2
66 17
66 43
66 27
66 4
66 32
66 31
66 33
66 38
66 9
66 20
66 3
66 20
66 41
66 4
66 24
66 14
66 43
66 14
66 2
66 19
66 43
66 39
66 22
66 33
66 21
66 20
66 14
66 0
66 2
66 16
66 20
66 9
66 21
66 32
66 2
66 22
66 4
66 33
66 31
66 11
66 12
66 12
66 19
66 26
66 14
66 35
66 11
66 13
66 1
66 11
66 22
66 24
66 2
66 19
66 17
66 24
66 2
66 9
66 31
66 31
66 32
66 14
66 43
66 24
66 33
66 19
66 21
66 5
66 8
66 13
66 7
66 12
66 0
66 4
66 13
66 37
66 22
67 45
67 8
67 9
67 43
67 14
67 24
67 2
67 19
67 19
67 19
67 9
67 37
67 4
67 10
67 21
67 19
67 1
67 13
67 14
67 32
67 27
67 43
67 32
67 43
67 16
67 21
67 13
67 0
67 31
67 26
67 12
67 9
67 20
67 19
67 2
67 22
67 33
67 40
67 49
67 31
67 9
67 2
67 24
67 9
67 2
67 43
67 2
67 9
67 14
67 4
67 31
67 7
67 25
67 37
67 24
67 7
67 5
67 22
67 22
67 16
67 20
67 18
67 19
67 33
67 20
67 40
67 18
67 5
67 12
67 19
67 2
67 25
67 18
67 31
67 1
67 4
67 2
67 37
67 8
67 46
67 22
67 9
67 19
67 9
67 35
67 45
67 8
68 19
68 19
68 16
68 24
68 6
68 17
68 9
68 12
68 4
68 9
68 2
68 0
68 43
68 22
68 43
68 27
68 36
68 49
68 37
68 12
68 12
68 38
68 33
68 1
68 39
68 30
68 33
68 41
68 9
68 12
68 19
68 15
68 32
68 22
68 14
68 18
68 1
68 24
68 39
68 19
68 25
68 10
68 1
68 31
68 32
68 22
68 7
68 32
68 37
68 19
68 25
68 12
68 16
68 1
68 1
68 27
68 13
68 24
68 33
68 12
68 0
68 12
68 25
68 33
68 2
68 23
68 15
68 1
68 7
68 33
68 12
68 27
68 49
68 9
68 37
68 9
68 22
69 24
69 46
69 4
69 16
69 22
69 6
69 8
69 40
69 2
69 18
69 2
69 2
69 9
69 0
69 31
69 7
69 4
69 22
69 38
69 43
69 2
69 41
69 1
69 37
69 32
69 18
69 19
69 8
69 35
69 46
69 37
69 11
69 24
69 7
69 38
69 41
69 43
69 12
69 28
69 7
69 13
69 22
69 22
69 33
69 25
69 39
69 36
69 33
69 21
69 1
69 1
69 22
69 48
69 27
69 33
69 4
69 5
69 16
69 25
69 43
69 1
69 2
69 22
69 22
69 0
69 3
69 37
69 1
69 15
69 38
69 10
69 35
69 20
69 24
69 12
69 13
69 36
69 33
69 25
69 20
70 19
70 2
70 35
70 18
70 37
70 4
70 10
70 20
70 1
70 12
70 24
70 38
70 31
70 22
70 33
70 37
70 6
70 31
70 25
70 8
70 36
70 1
70 41
70 4
70 12
70 26
70 7
70 20
70 2
70 5
70 19
70 19
70 19
70 25
70 3
70 38
70 22
70 9
70 19
70 43
70 18
70 16
70 0
70 33
70 9
70 2
70 45
70 1
70 32
70 48
70 19
70 20
70 14
70 1
70 9
70 19
70 38
70 41
70 20
70 2
70 35
70 16
70 25
70 25
70 49
70 31
70 1
70 17
70 2
70 43
70 12
70 12
70 17
70 35
70 46
70 31
70 22
70 22
70 7
70 35
70 46
71 32
71 20
71 37
71 11
71 12
71 1
71 38
71 33
71 1
71 46
71 37
71 28
71 22
71 32
71 46
71 1
71 24
71 33
71 19
71 2
71 2
71 1
71 13
71 1
71 37
71 27
71 12
71 7
71 33
71 1
71 33
71 19
71 19
71 15
71 35
71 4
71 30
71 7
71 2
71 18
71 2
71 1
71 14
71 7
71 4
71 46
71 38
71 5
71 4
71 12
71 0
71 13
71 39
71 8
71 18
71 19
71 2
71 2
71 1
71 23
71 19
71 24
71 38
71 20
71 39
71 8
71 4
71 20
72 2
72 27
72 49
72 25
72 3
72 12
72 25
72 4
72 35
72 4
72 43
72 1
72 24
72 38
72 43
72 20
72 21
72 43
72 24
72 9
72 25
72 32
72 49
72 33
72 10
72 9
72 19
72 2
72 22
72 12
72 35
72 9
72 19
72 2
72 12
72 3
72 1
72 32
72 32
72 49
72 27
72 33
72 40
72 18
72 49
72 25
72 39
72 1
72 1
72 12
72 16
72 21
72 4
72 3
72 15
72 49
72 38
72 2
72 28
72 33
72 33
72 20
72 38
72 22
72 2
72 2
72 27
72 1
72 7
72 40
72 38
72 6
72 21
73 16
73 19
73 4
73 1
73 14
73 2
73 21
73 18
73 16
73 4
73 38
73 3
73 35
73 25
73 24
73 1
73 22
73 41
73 22
73 24
73 25
73 37
73 35
73 43
73 16
73 43
73 27
73 8
73 33
73 21
73 1
73 1
73 18
73 5
73 45
73 38
73 49
73 19
73 26
73 37
73 18
73 46
73 13
73 20
73 12
73 7
73 0
73 8
73 1
73 23
73 19
73 14
73 12
73 2
73 10
73 1
73 4
73 6
73 35
73 22
73 1
73 4
73 18
73 12
73 10
73 33
73 49
73 18
73 20
73 7
73 38
73 16
73 2
73 24
73 18
73 25
73 10
73 5
73 21
73 21
73 24
74 14
74 10
74 1
74 19
74 25
74 25
74 32
74 20
74 37
74 2
74 12
74 15
74 19
74 9
74 33
74 38
74 20
74 49
74 43
74 6
74 9
74 2
74 10
74 1
74 23
74 36
74 20
74 2
74 37
74 40
74 21
74 11
74 24
74 45
74 33
74 13
74 1
74 25
74 22
74 12
74 25
74 20
74 2
74 2
74 0
74 20
74 22
74 38
74 22
74 20
74 24
74 22
74 23
74 49
74 16
74 43
74 35
74 33
74 4
74 32
74 6
74 0
74 0
74 14
74 32
74 36
74 12
74 20
74 20
74 49
74 20
74 12
74 12
74 41
74 4
74 25
74 12
74 33
74 37
75 3
75 1
75 43
75 31
75 22
75 32
75 43
75 2
75 14
75 35
75 1
75 1
75 22
75 19
75 24
75 8
75 43
75 19
75 1
75 2
75 24
75 25
75 11
75 19
75 3
75 25
75 18
75 23
75 32
75 38
75 37
75 1
75 10
75 2
75 2
75 4
75 9
75 33
75 2
75 27
75 2
75 14
75 9
75 24
75 25
75 1
75 33
75 45
75 18
75 28
75 10
75 2
75 20
75 13
75 33
75 3
75 3
75 20
75 40
75 23
75 32
75 3
75 19
75 1
75 11
75 5
75 14
75 7
75 24
75 11
75 24
75 25
75 22
75 14
75 43
75 3
75 38
75 49
75 38
75 29
75 2
75 35
75 28
75 12
76 19
76 27
76 1
76 12
76 25
76 38
76 11
76 28
76 11
76 43
76 38
76 2
76 33
76 19
76 33
76 10
76 9
76 25
76 5
76 1
76 1
76 25
76 21
76 28
76 31
76 33
76 24
76 1
76 25
76 19
76 20
76 24
76 12
76 33
76 19
76 2
76 33
76 41
76 32
76 1
76 9
76 0
76 12
76 24
76 33
76 4
76 2
76 27
76 36
76 25
76 25
76 28
76 10
76 19
76 36
76 1
76 6
76 21
76 1
76 12
76 16
76 31
76 24
76 10
76 35
76 23
76 28
76 1
76 22
76 3
76 1
76 20
76 13
76 1
76 19
76 1
76 31
76 43
76 43
76 11
77 33
77 1
77 3
77 2
77 1
77 24
77 30
77 19
77 25
77 0
77 9
77 16
77 1
77 9
77 28
77 15
77 35
77 1
77 22
77 35
77 32
77 41
77 35
77 1
77 2
77 0
77 11
77 12
77 8
77 33
77 6
77 10
77 2
77 20
77 13
77 16
77 19
77 1
77 22
77 43
77 22
77 31
77 1
77 39
77 24
77 4
77 11
77 3
77 19
77 4
77 19
77 33
77 1
77 16
77 32
77 32
77 11
77 43
77 26
77 24
77 26
77 38
77 11
77 14
77 40
77 2
77 20
77 22
77 1
77 25
77 24
77 19
77 21
77 2
77 24
77 32
78 1
78 19
78 28
78 11
78 43
78 20
78 24
78 33
78 33
78 14
78 2
78 24
78 11
78 4
78 16
78 12
78 19
78 38
78 14
78 1
78 3
78 9
78 44
78 18
78 39
78 19
78 24
78 2
78 5
78 1
78 27
78 31
78 22
78 28
78 20
78 9
78 14
78 2
78 49
78 35
78 3
78 2
78 24
78 3
78 13
78 1
78 9
78 32
78 33
78 2
78 33
78 20
78 31
78 19
78 5
78 19
78 33
78 24
78 6
78 24
78 37
78 20
78 13
78 12
78 11
78 2
78 37
78 14
78 2
78 20
78 1
78 14
78 19
78 22
78 2
78 24
78 2
78 2
78 2
78 19
78 20
78 33
78 11
79 33
79 48
79 33
79 45
79 24
79 1
79 0
79 0
79 22
79 10
79 2
79 35
79 20
79 2
79 22
79 25
79 1
79 19
79 18
79 45
79 27
79 28
79 4
79 35
79 8
79 4
79 38
79 35
79 46
79 5
79 13
79 25
79 20
79 1
79 16
79 22
79 13
79 15
79 2
79 37
79 10
79 22
79 24
79 24
79 19
79 1
79 28
79 18
79 2
79 43
79 22
79 22
79 16
79 5
79 37
79 38
79 19
79 20
79 49
79 28
79 25
79 24
79 19
79 45
79 19
79 4
79 1
79 4
79 1
79 19
79 21
79 25
79 24
79 1
79 8
79 32
79 2
79 46
79 24
79 1
79 12
79 11
79 37
