0 109
0 44
0 191
0 115
0 160
0 15
0 71
0 173
0 54
0 147
0 106
0 160
0 83
0 126
0 52
0 181
0 166
0 147
0 81
0 53
0 152
0 53
0 166
0 170
0 148
0 106
0 103
0 42
0 19
0 2
0 98
0 122
0 133
0 2
0 48
0 101
0 2
0 180
0 10
0 22
0 115
0 129
0 24
0 43
0 161
0 151
0 85
0 37
0 134
0 159
0 119
0 119
0 48
0 1
0 115
0 166
0 71
0 45
0 133
0 36
0 192
0 149
0 20
0 110
0 118
0 52
0 72
0 175
0 1
0 161
0 163
0 11
0 108
0 140
0 1
0 36
0 183
0 71
0 54
0 66
0 71
0 8
0 62
0 8
0 16
0 134
0 27
0 169
0 16
0 36
0 189
0 54
0 18
0 115
0 103
0 154
0 98
0 98
0 0
0 94
0 186
0 166
0 186
0 139
0 28
0 186
0 173
0 1
0 10
0 151
0 167
0 166
0 54
0 48
0 125
0 37
0 2
0 1
0 2
0 25
0 23
0 54
0 129
0 43
0 47
0 7
0 71
0 75
0 26
0 144
0 37
0 166
0 23
0 189
0 167
0 83
0 142
0 133
0 161
0 125
0 42
0 11
0 159
0 83
0 147
0 143
0 103
0 2
0 89
0 177
0 145
0 96
0 161
0 98
0 1
0 161
0 118
0 163
0 75
0 156
0 18
0 36
0 54
0 161
0 36
0 146
0 66
0 146
0 48
0 42
0 152
0 35
0 42
0 188
0 96
0 22
0 44
0 23
0 1
0 48
0 167
0 98
0 119
0 36
0 1
0 1
0 152
0 11
0 135
0 163
0 93
0 94
0 130
0 51
0 146
0 42
0 1
0 22
0 145
0 54
0 43
0 130
0 16
0 75
0 15
0 37
0 16
0 144
0 1
0 131
0 22
0 93
0 43
0 167
0 161
0 8
0 23
0 70
0 79
0 9
0 43
0 37
0 22
0 120
0 48
0 161
0 2
0 117
0 1
0 171
0 133
0 1
0 48
0 53
0 56
0 145
0 16
0 22
0 90
0 23
0 83
0 101
0 173
0 182
0 19
0 139
0 146
0 39
0 161
0 12
0 102
0 60
0 186
0 136
0 103
0 64
0 33
0 18
0 27
0 94
0 152
0 56
0 25
0 69
0 51
0 185
0 3
0 163
0 48
0 54
0 0
0 48
0 163
0 115
0 144
0 189
0 189
0 42
0 66
0 118
0 75
0 145
0 94
0 1
0 147
0 67
0 189
0 129
0 16
0 149
0 1
0 142
0 130
0 2
0 15
0 131
0 9
0 146
0 33
0 146
0 175
0 118
0 97
0 4
0 51
0 1
0 163
0 161
0 118
0 98
0 1
0 162
0 56
0 120
0 44
0 2
0 96
0 0
0 90
0 31
0 151
0 171
0 71
0 11
0 63
0 16
0 35
0 67
0 119
0 66
0 79
0 16
0 1
0 117
0 78
0 152
0 48
0 103
0 0
0 161
0 1
0 161
0 43
0 149
0 22
0 147
0 189
0 121
0 1
0 91
0 147
0 190
0 10
0 147
0 22
0 186
0 22
0 150
0 75
0 170
0 79
0 162
0 14
0 91
0 118
0 110
0 188
0 189
0 161
0 147
0 149
0 42
0 119
0 119
0 20
0 162
0 189
0 47
0 3
0 1
0 24
0 34
0 180
0 14
0 0
0 170
0 102
0 55
0 2
0 116
0 54
0 147
0 189
0 48
0 190
0 142
0 94
0 21
0 39
0 13
0 71
0 130
0 34
0 98
0 80
0 145
0 18
0 79
0 115
0 189
0 11
0 152
0 102
0 159
0 48
0 152
0 42
0 15
0 118
0 54
0 87
0 24
0 140
0 131
0 146
0 49
0 166
0 1
0 83
0 53
0 118
0 145
0 48
0 0
0 167
0 154
0 56
0 33
0 16
0 140
0 186
0 163
0 163
0 7
0 145
0 149
0 98
0 146
0 90
0 2
0 115
0 24
0 93
0 98
0 161
0 8
0 43
0 142
0 156
0 53
0 0
0 15
0 147
0 54
0 96
0 44
0 48
0 154
0 144
0 194
0 1
0 2
0 12
0 23
0 71
0 1
0 110
0 43
0 142
0 83
0 42
0 27
0 53
0 98
0 89
0 98
0 36
0 62
0 33
0 56
0 144
0 1
0 51
0 163
0 81
0 0
0 71
0 118
0 80
0 161
0 170
0 140
0 79
0 68
0 23
0 125
0 98
0 163
0 156
0 80
0 167
0 142
0 20
0 129
0 97
0 1
0 103
0 19
0 66
0 143
0 1
0 114
0 167
0 183
0 66
0 3
0 39
0 48
0 70
0 23
0 161
0 68
0 98
0 53
0 118
0 96
0 140
0 1
0 13
0 52
0 20
0 147
0 181
0 192
0 98
0 118
0 118
0 164
0 15
0 160
0 119
0 189
0 152
0 69
0 170
0 189
0 48
0 80
0 59
0 79
0 161
0 115
0 120
0 96
0 151
0 90
0 2
0 23
0 67
0 48
0 11
0 165
0 84
0 33
0 66
0 70
0 183
0 149
0 69
0 73
0 83
0 146
0 8
0 67
0 189
0 166
0 144
0 11
0 163
0 2
0 79
0 84
0 63
0 84
0 59
0 2
0 149
0 115
0 167
0 3
0 7
0 47
0 42
0 69
0 144
0 66
0 89
0 129
0 186
0 144
0 52
0 148
0 147
0 2
0 29
0 152
0 162
0 189
0 89
0 149
0 135
0 71
0 156
0 161
0 89
0 91
0 11
0 161
0 80
0 79
0 118
0 115
0 160
0 79
0 35
0 45
0 10
0 1
0 98
0 8
0 144
0 115
0 28
0 189
0 61
0 59
0 22
0 133
0 14
0 7
0 160
0 147
0 112
0 1
0 2
0 181
0 19
0 139
0 15
0 167
0 23
0 23
0 48
0 167
0 170
0 119
0 73
0 101
0 143
0 1
0 23
0 143
0 102
0 167
0 129
0 44
0 98
0 14
0 54
0 101
0 135
0 161
0 133
0 7
0 9
0 71
0 98
0 136
0 146
0 163
0 22
0 71
0 167
0 142
0 81
0 159
0 161
0 7
0 151
0 94
0 143
0 71
0 4
0 94
0 61
0 23
0 7
0 164
0 24
0 54
0 2
0 96
0 79
0 71
0 189
0 151
0 171
0 55
0 84
0 163
0 96
0 152
0 71
0 80
0 54
0 23
0 2
0 118
0 144
0 183
0 168
0 16
0 163
0 171
0 118
0 7
0 15
0 136
0 73
0 171
0 146
0 85
0 102
0 145
0 162
0 156
0 96
0 98
0 146
0 119
0 145
0 148
0 161
0 70
0 2
0 165
0 149
0 28
0 8
0 1
0 139
0 122
0 2
0 111
0 188
0 128
0 190
0 22
0 151
0 42
0 162
0 22
0 131
0 71
0 70
0 11
0 118
0 119
0 18
0 167
0 189
0 147
0 102
0 12
0 27
0 1
0 144
0 166
0 81
0 156
0 23
0 48
0 8
0 161
0 48
0 59
0 186
0 147
0 160
0 154
0 126
0 54
0 43
0 161
0 140
0 36
0 144
0 81
0 85
0 59
0 144
0 1
0 63
0 136
0 51
0 144
0 151
0 23
0 79
0 135
0 119
0 102
0 97
0 36
0 69
0 91
0 183
0 147
0 16
0 160
0 8
0 143
0 42
0 131
0 23
0 146
0 59
0 3
0 131
0 161
0 47
0 143
0 35
0 27
0 48
0 131
0 181
0 83
0 135
0 54
0 142
0 20
0 80
0 59
0 111
0 31
0 23
0 126
0 79
0 128
0 162
0 89
0 80
0 133
0 183
0 163
0 67
0 79
0 161
0 48
0 48
0 183
0 142
0 1
0 44
0 152
0 98
0 103
0 23
0 136
0 84
0 154
0 59
0 79
0 164
0 70
0 71
0 81
0 129
0 148
0 111
0 54
0 122
0 163
0 155
0 6
0 118
0 27
0 81
0 87
0 81
0 48
0 48
0 1
0 111
0 53
0 168
0 51
0 43
0 89
0 84
0 152
0 102
0 146
0 67
0 36
0 23
0 98
0 139
0 2
0 133
0 161
0 102
0 53
0 89
0 163
0 128
0 144
0 189
0 129
0 111
0 94
0 23
0 1
0 166
0 96
0 161
0 117
0 22
0 118
0 89
0 71
0 144
0 7
0 23
0 48
0 91
0 136
0 129
0 151
0 125
0 37
0 33
0 12
0 102
0 133
0 2
0 40
0 43
0 71
0 156
0 66
0 48
0 59
0 75
0 152
0 23
0 31
0 59
0 48
0 133
0 166
0 75
0 165
0 16
0 125
0 98
0 2
0 67
0 89
0 102
0 166
0 146
0 158
0 165
0 34
0 189
0 36
0 23
0 18
0 113
0 173
0 122
0 168
0 159
0 32
0 67
0 79
0 81
0 98
0 183
0 183
0 52
0 22
0 188
0 161
0 49
0 129
0 71
0 12
0 142
0 125
0 83
0 91
0 149
0 98
0 49
0 63
0 37
0 152
0 151
0 191
0 119
0 173
0 87
0 71
0 83
0 152
0 89
0 96
0 98
0 3
0 16
0 160
0 144
0 48
0 54
0 48
0 122
0 102
0 51
0 146
0 51
0 39
0 120
0 48
0 16
0 7
0 167
0 42
0 101
0 152
0 79
0 2
0 134
0 146
0 16
0 115
0 146
0 154
0 20
0 152
0 133
0 1
0 96
0 71
0 98
0 81
0 8
0 8
0 148
0 130
0 98
0 194
0 79
0 118
0 144
0 152
0 169
0 133
0 28
0 151
0 152
0 37
0 71
0 54
0 173
0 42
0 53
0 3
0 2
0 8
0 33
0 171
0 189
0 166
0 129
0 152
0 169
0 84
0 190
0 150
0 167
0 67
0 166
0 2
0 2
0 103
0 55
0 79
0 186
0 28
0 189
0 89
0 48
0 161
0 112
0 144
0 133
0 2
0 18
0 19
0 171
0 25
0 7
0 120
0 161
0 2
0 27
0 2
0 66
0 144
0 8
0 118
0 147
0 67
0 144
0 20
0 23
0 170
0 91
0 101
0 89
0 31
0 9
0 122
0 32
0 136
0 42
0 166
0 145
0 47
0 23
0 186
0 63
0 48
0 33
0 22
0 54
0 189
0 101
0 15
0 91
0 69
0 59
0 71
0 2
0 75
0 20
0 81
0 11
0 71
0 44
0 12
0 49
0 36
0 163
0 129
0 176
0 33
0 129
0 7
0 181
0 129
0 80
0 119
0 22
0 152
0 66
0 181
0 67
0 34
0 2
0 1
0 52
0 146
0 189
0 48
0 49
0 35
0 146
0 149
0 118
0 164
0 167
0 186
0 167
0 0
0 48
0 16
0 134
0 146
0 163
0 11
0 144
0 189
0 71
0 166
0 170
0 7
0 134
0 49
0 47
0 83
0 3
0 16
0 89
0 2
0 1
0 64
0 36
0 71
0 90
0 96
0 79
0 118
0 59
0 96
0 151
0 0
0 144
0 59
0 161
0 79
0 22
0 48
0 35
0 28
0 70
0 10
0 98
0 100
0 120
0 22
0 8
0 2
0 182
0 122
0 173
0 98
0 1
0 71
0 27
0 189
0 36
0 151
0 8
0 166
0 129
0 3
0 16
0 144
0 118
0 80
0 48
0 3
0 66
0 84
0 167
0 37
0 93
0 177
0 182
0 177
0 16
0 161
0 161
0 73
0 166
0 42
0 102
0 118
0 133
0 43
0 11
0 64
0 101
0 6
0 91
0 1
0 1
0 115
0 10
0 33
0 63
0 0
0 144
0 80
0 75
0 28
0 48
0 42
0 96
0 144
0 75
0 22
0 16
0 118
0 98
0 80
0 22
0 84
0 188
0 66
0 6
0 10
0 101
0 1
0 134
0 27
0 161
0 63
0 51
0 19
0 18
0 27
0 151
0 10
0 11
0 108
0 53
0 2
0 81
0 148
0 59
0 56
0 189
0 43
0 102
0 146
0 56
0 166
0 173
0 10
0 89
0 35
0 133
0 44
0 183
0 173
0 109
0 161
0 137
0 3
0 139
0 185
0 1
0 33
0 27
0 33
0 9
0 33
0 42
0 2
0 16
0 116
0 71
0 143
0 112
0 166
0 2
0 16
0 181
0 22
0 130
0 80
0 161
0 186
0 144
0 64
0 49
0 63
0 161
0 11
0 165
0 106
0 119
0 22
0 188
0 70
0 67
0 167
0 2
0 43
0 23
0 188
0 67
0 90
0 14
0 0
0 26
0 111
0 83
0 35
0 94
0 48
0 56
0 60
0 48
0 141
0 2
0 98
0 80
0 192
0 166
0 16
0 22
0 22
0 106
0 161
0 118
0 8
0 42
0 4
0 167
0 142
0 2
0 173
0 37
0 142
0 59
0 79
0 106
0 93
0 129
0 10
0 37
0 186
0 129
0 54
0 54
0 103
0 98
0 16
0 148
0 8
0 144
0 71
0 147
0 43
0 78
0 16
0 0
0 151
0 182
0 158
0 3
0 101
0 102
0 37
0 34
0 56
0 71
0 70
0 27
0 42
0 79
0 84
0 37
0 31
0 139
0 189
0 167
0 67
0 122
0 166
0 44
0 80
0 167
0 66
0 59
0 151
0 0
0 69
0 31
0 23
0 93
0 56
0 48
0 14
0 79
0 27
0 118
0 31
0 52
0 3
0 47
0 59
0 43
0 98
0 118
0 166
0 101
0 54
0 44
0 50
0 2
0 150
0 167
0 31
0 6
0 3
0 161
0 48
0 98
0 9
0 43
0 20
0 70
0 166
0 135
0 165
0 143
0 80
0 161
0 10
0 98
0 109
0 8
0 167
0 0
0 101
0 125
0 43
0 189
0 149
0 63
0 67
0 98
0 144
0 19
0 22
0 37
0 111
0 67
0 144
0 33
0 78
0 101
0 122
0 161
0 79
0 47
0 28
0 48
0 98
0 152
0 7
0 117
0 188
0 129
0 106
0 102
0 151
0 142
0 18
0 165
0 2
0 98
0 142
0 118
0 150
0 101
0 42
0 186
0 1
0 59
0 182
0 15
0 183
0 120
0 144
0 42
0 129
0 111
0 167
0 2
0 91
0 158
0 48
0 23
0 118
0 49
0 27
0 118
0 81
0 119
0 26
0 1
0 71
0 164
0 171
0 66
0 147
0 147
0 43
0 177
0 52
0 31
0 150
0 148
0 67
0 16
0 44
0 1
0 93
0 23
0 61
0 151
0 129
0 2
0 122
0 75
0 2
0 188
0 115
0 2
0 142
0 133
0 101
0 185
0 150
0 54
0 39
0 94
0 52
0 1
0 51
0 2
0 70
0 154
0 48
0 144
0 51
0 25
0 42
0 122
0 48
0 159
0 34
0 187
0 52
0 48
0 159
0 171
0 173
0 98
0 144
0 22
0 145
0 33
0 2
0 43
0 63
0 125
0 11
0 96
0 130
0 48
0 44
0 7
0 60
0 63
0 119
0 125
0 166
0 166
0 16
0 6
0 22
0 147
0 173
0 43
0 175
0 2
0 100
0 106
0 173
0 71
0 63
0 137
0 67
0 2
0 103
0 166
0 14
0 28
0 144
0 80
0 71
0 1
0 94
0 189
0 91
0 151
0 152
0 2
0 167
0 173
0 122
0 70
0 39
0 160
0 115
0 48
0 80
0 112
0 102
0 84
0 189
0 71
0 111
0 47
0 27
0 146
0 122
0 80
0 48
0 103
0 157
0 71
0 94
0 117
0 135
0 91
0 2
0 15
0 161
0 62
0 102
0 84
0 135
0 189
0 44
0 19
0 144
0 42
0 162
0 135
0 167
0 166
0 145
0 33
0 167
0 93
0 67
0 102
0 106
0 106
0 188
0 2
0 139
0 23
0 142
0 52
0 87
0 173
0 188
0 3
0 117
0 152
0 162
0 119
0 79
0 146
0 27
0 154
0 27
0 84
0 136
0 167
0 111
0 60
0 182
0 129
0 95
0 148
0 122
0 142
0 98
0 125
0 16
0 98
0 1
0 103
0 147
0 33
0 161
0 103
0 156
0 190
0 144
0 43
0 144
0 186
0 89
0 37
0 116
0 89
0 161
0 48
0 154
0 135
0 166
0 144
0 8
0 139
0 160
0 161
0 146
0 84
0 96
0 80
0 6
0 1
0 37
0 16
0 48
0 177
0 15
0 144
0 161
0 42
0 106
0 37
0 89
0 1
0 103
0 139
0 54
0 161
0 52
0 143
0 161
0 162
0 48
0 90
0 27
0 181
0 98
0 54
0 60
0 104
0 134
0 144
0 84
0 1
0 20
0 7
0 102
0 69
0 1
0 142
0 70
0 2
0 147
0 167
0 98
0 11
0 136
0 48
0 37
0 16
0 144
0 48
0 48
0 147
0 96
0 2
0 166
0 1
0 18
0 1
0 48
0 118
0 163
0 31
0 158
0 134
0 98
0 142
0 20
0 101
0 48
0 147
0 111
0 2
0 142
0 162
0 102
0 31
0 170
0 18
0 129
0 28
0 56
0 113
0 56
0 118
0 115
0 59
0 63
0 98
0 1
0 163
0 111
0 89
0 96
0 144
0 115
0 79
0 182
0 154
0 73
0 144
0 52
0 190
0 103
0 42
0 149
0 137
0 167
0 1
0 19
0 64
0 43
0 173
0 130
0 148
0 36
0 62
0 98
0 20
0 33
0 53
0 37
0 136
0 16
0 18
0 14
0 185
0 39
0 18
0 147
0 168
0 136
0 166
0 0
0 146
0 0
0 133
0 144
0 194
0 188
0 1
0 194
0 42
0 156
0 70
0 165
0 166
0 158
0 23
0 103
0 89
0 0
0 67
0 18
0 62
0 69
0 71
0 22
0 8
0 27
0 115
0 90
0 36
0 144
0 42
0 162
0 125
0 23
0 59
0 8
0 48
0 31
0 167
0 48
0 67
0 11
0 138
0 18
0 130
0 102
0 53
0 103
0 115
0 16
0 119
0 171
0 139
0 6
0 98
0 64
0 144
0 1
0 167
0 103
0 18
0 185
0 16
0 84
0 148
0 33
0 70
0 7
0 126
0 186
0 8
0 146
0 166
0 144
0 18
0 167
0 71
0 54
0 136
0 56
0 14
0 164
0 37
0 27
0 162
0 36
0 103
0 48
0 120
0 80
0 2
0 71
0 1
0 52
0 96
0 28
0 130
0 7
0 16
0 135
0 154
0 135
0 161
0 149
0 190
0 115
0 183
0 31
0 136
0 135
0 133
0 98
0 1
0 71
0 71
0 125
0 181
0 52
0 16
0 54
0 12
0 80
0 134
0 150
0 39
0 2
0 43
0 27
0 16
0 52
0 28
0 146
0 31
0 101
0 144
0 91
0 111
0 177
0 1
0 37
0 42
0 56
0 126
0 173
0 163
0 0
0 159
0 52
0 1
0 161
0 147
0 98
0 48
0 56
0 73
0 31
0 52
0 70
0 166
0 103
0 136
0 22
0 151
0 24
0 154
0 129
0 2
0 31
0 142
0 23
0 167
0 96
0 48
0 90
0 53
0 84
0 160
0 162
0 102
0 161
0 142
0 52
0 18
0 183
0 0
0 52
0 48
0 71
0 186
0 75
0 33
0 103
0 10
0 173
0 123
0 73
0 60
0 14
0 2
0 152
0 103
0 52
0 154
0 118
0 147
0 71
0 24
0 48
0 98
0 125
0 166
0 61
0 27
0 11
0 115
0 23
0 161
0 166
0 173
0 96
0 161
0 136
0 167
0 102
0 101
0 87
0 1
0 18
0 84
0 48
0 96
0 188
0 98
0 7
0 56
0 160
0 130
0 98
0 180
0 25
0 70
0 80
0 162
0 83
0 53
0 158
0 89
0 96
0 161
0 115
0 145
0 118
0 29
0 24
0 158
0 165
0 118
0 56
0 42
0 102
0 162
0 67
0 177
0 143
0 4
0 167
0 24
0 28
0 1
0 161
0 185
0 27
0 166
0 53
0 73
0 42
0 22
0 144
0 96
0 189
0 55
0 52
0 98
0 120
0 144
0 90
0 98
0 144
0 83
0 177
0 116
0 167
0 8
0 148
0 96
0 48
0 52
0 167
0 92
0 28
0 22
0 167
0 53
0 42
0 147
0 171
0 79
0 173
0 54
0 94
0 173
0 80
0 60
0 57
0 152
0 161
0 71
0 106
0 7
0 115
0 188
0 172
0 31
0 148
0 105
0 6
0 181
0 42
0 59
0 166
0 8
0 139
0 52
0 2
0 18
0 138
0 144
0 94
0 67
0 110
0 34
0 177
0 48
0 73
0 79
0 183
0 173
0 15
0 111
0 12
0 14
0 111
0 70
0 154
0 103
0 42
0 78
0 26
0 145
0 189
0 67
0 52
0 48
0 154
0 116
0 6
0 48
0 150
0 144
0 162
0 96
0 93
0 98
0 62
0 42
0 130
0 185
0 147
0 186
0 71
0 12
0 27
0 154
0 115
0 79
0 167
0 110
0 67
0 101
0 7
0 89
0 1
0 83
0 190
0 175
0 31
0 136
0 173
0 27
0 8
0 9
0 0
0 145
0 173
0 52
0 54
0 101
0 67
0 161
0 34
0 166
0 161
0 37
0 67
0 118
0 167
0 75
0 96
0 167
0 167
0 98
0 53
0 159
0 59
0 125
0 16
0 148
0 56
0 2
0 147
0 112
0 52
0 84
0 59
0 142
0 166
0 154
0 173
0 94
0 96
0 126
0 189
0 94
0 166
0 146
0 134
0 0
0 161
0 59
0 59
0 11
0 81
0 8
0 90
0 147
0 81
0 140
0 129
0 52
0 37
0 161
0 161
0 36
0 126
0 110
0 183
0 183
0 90
0 3
0 145
0 48
0 188
0 173
0 103
0 98
0 164
0 8
0 24
0 150
0 120
0 91
0 34
0 158
0 16
0 27
0 167
0 75
0 42
0 186
0 160
0 187
0 167
0 31
0 8
0 35
0 42
0 7
0 161
0 154
0 84
0 27
0 22
0 145
0 90
0 150
0 0
0 186
0 16
0 18
0 147
0 42
0 161
0 188
0 22
0 15
0 25
0 106
0 102
0 166
0 20
0 44
0 11
0 159
0 129
0 18
0 154
0 84
0 150
0 31
0 71
0 110
0 42
0 33
0 161
0 79
0 145
0 194
0 91
0 142
0 144
0 139
0 27
0 73
0 167
0 52
0 68
0 79
0 186
0 128
0 93
0 135
0 32
0 22
0 148
0 148
0 59
0 33
0 117
0 154
0 20
0 27
0 22
0 93
0 7
0 98
0 149
0 52
0 52
0 156
0 142
0 8
0 6
0 163
0 56
0 173
0 71
0 94
0 18
0 151
0 181
0 70
0 144
0 42
0 66
0 115
0 190
0 16
0 1
0 158
0 148
0 42
0 188
0 133
0 23
0 136
0 194
0 67
0 15
0 1
0 149
0 91
0 140
0 1
0 122
0 146
0 80
0 171
0 0
0 48
0 14
0 54
0 133
0 27
0 158
0 163
0 163
0 161
0 59
0 33
0 106
0 67
0 48
0 145
0 136
0 166
0 52
0 0
0 11
0 189
0 161
0 69
0 67
0 96
0 145
0 129
0 23
0 80
0 111
0 161
0 151
0 23
0 56
0 47
0 146
0 51
0 147
0 167
0 70
0 84
0 26
0 4
0 146
0 146
0 115
0 114
0 183
0 79
0 33
0 66
0 54
0 84
0 120
0 183
0 161
0 59
0 181
0 189
0 1
0 146
0 129
0 71
0 155
0 59
0 143
0 70
0 61
0 146
0 1
0 80
0 33
0 73
0 147
0 42
0 112
0 56
0 147
0 161
0 180
0 166
0 146
0 166
0 42
0 161
0 129
0 147
0 18
0 115
0 142
0 75
0 37
0 18
0 50
0 161
0 23
0 98
0 102
0 101
0 81
0 167
0 146
0 90
0 63
0 147
0 134
0 98
0 36
0 146
0 146
0 120
0 63
0 7
0 96
0 67
0 161
0 165
0 130
0 118
0 173
0 7
0 1
0 102
0 103
0 152
0 161
0 56
0 8
0 2
0 22
0 1
0 31
0 71
0 167
0 177
0 103
0 78
0 167
0 98
0 1
0 37
0 37
0 102
0 6
0 135
0 154
0 0
0 189
0 79
0 144
0 143
0 10
0 11
0 161
0 119
0 1
0 27
0 18
0 142
0 102
0 87
0 103
0 127
0 111
0 3
0 16
0 18
0 18
0 8
0 158
0 71
0 173
0 49
0 167
0 27
0 144
0 75
0 67
0 42
0 59
0 171
0 52
0 98
0 2
0 4
0 35
0 67
0 102
0 10
0 161
0 137
0 52
0 94
0 70
0 154
0 166
0 79
0 142
0 103
0 28
0 101
0 136
0 60
0 142
0 148
0 169
0 168
0 9
0 187
0 102
0 9
0 75
0 98
0 84
0 146
0 165
0 11
0 16
0 151
0 71
0 186
0 85
0 0
0 71
0 159
0 91
0 135
0 194
0 163
0 47
0 86
0 144
0 10
0 98
0 43
0 2
0 10
0 56
0 160
0 94
0 188
0 71
0 25
0 90
0 101
0 167
0 16
0 54
0 18
0 52
0 87
0 145
0 42
0 160
0 158
0 6
0 144
0 43
0 116
0 125
0 71
0 46
0 16
0 129
0 106
0 188
0 39
0 80
0 8
0 114
0 166
0 190
0 146
0 7
0 33
0 22
0 31
0 36
0 59
0 190
0 183
0 134
0 186
0 73
0 54
0 15
0 161
0 48
0 7
0 73
0 102
0 50
0 71
0 15
0 96
0 29
0 44
0 23
0 161
0 166
0 67
0 84
0 43
0 63
0 33
0 136
0 3
0 33
0 148
0 93
0 33
0 129
0 147
0 6
0 101
0 135
0 71
0 31
0 189
0 39
0 171
0 91
0 148
0 15
0 52
0 115
0 23
0 4
0 44
0 81
0 166
0 49
0 149
0 144
0 18
0 52
0 102
0 23
0 15
0 181
0 78
0 147
0 52
0 112
0 52
0 71
0 31
0 145
0 54
0 111
0 115
0 110
0 60
0 69
0 106
0 59
0 115
0 0
0 147
0 126
0 130
0 151
0 134
0 125
0 54
0 115
0 84
0 115
0 8
0 43
0 181
0 180
0 87
0 52
0 102
0 33
0 18
0 36
0 79
0 122
0 93
0 173
0 149
0 90
0 142
0 59
0 115
0 147
0 115
0 57
0 2
0 42
0 149
0 194
0 8
0 71
0 134
0 115
0 102
0 49
0 4
0 70
0 98
0 2
0 115
0 42
0 48
0 154
0 186
0 59
0 33
0 146
0 35
0 55
0 102
0 115
0 115
0 136
0 70
0 145
0 61
0 52
0 98
0 73
0 8
0 56
0 62
0 67
0 150
0 136
0 142
0 101
0 125
0 145
0 115
0 96
0 186
0 53
0 44
0 16
0 33
0 18
0 115
0 24
0 12
0 15
0 24
0 154
0 84
0 144
0 93
0 53
0 39
0 15
0 169
0 96
0 12
0 115
0 150
0 33
0 28
0 171
0 146
0 47
0 147
0 7
0 71
0 22
0 43
0 7
0 145
0 0
0 122
0 194
0 98
0 52
0 33
0 150
0 65
0 168
0 54
0 166
0 167
0 56
0 167
0 158
0 160
0 163
0 59
0 1
0 136
0 48
0 49
0 125
0 67
1 91
1 12
1 160
1 167
1 115
1 52
1 118
1 75
1 156
1 36
1 161
1 63
1 165
1 182
1 1
1 144
1 159
1 115
1 119
1 34
1 20
1 136
1 63
1 151
1 71
1 193
1 96
1 182
1 18
1 102
1 152
1 91
1 18
1 175
1 125
1 18
1 71
1 118
1 10
1 2
1 71
1 31
1 18
1 84
1 173
1 2
1 148
1 84
1 161
1 173
1 89
1 156
1 139
1 54
1 0
1 136
1 163
1 118
1 98
1 52
1 189
1 52
1 182
1 44
1 84
1 93
1 56
1 7
1 173
1 173
1 147
1 136
1 60
1 173
1 68
1 89
1 190
1 119
1 173
1 159
1 161
1 59
1 42
1 187
1 102
1 43
1 52
1 139
1 189
1 181
1 20
1 52
1 31
1 171
1 177
1 166
1 8
1 116
1 0
1 3
1 59
1 43
1 2
1 59
1 177
1 48
1 14
1 163
1 111
1 81
1 117
1 33
1 54
1 114
1 73
1 103
1 2
1 42
1 100
1 190
1 2
1 96
1 79
1 84
1 145
1 33
1 163
1 190
1 80
1 167
1 147
1 40
1 154
1 71
1 8
1 180
1 8
1 158
1 2
1 33
1 161
1 186
1 94
1 34
1 129
1 111
1 165
1 91
1 146
1 1
1 161
1 115
1 166
1 3
1 18
1 167
1 13
1 31
1 87
1 136
1 150
1 183
1 33
1 25
1 125
1 9
1 103
1 167
1 37
1 166
1 146
1 63
1 97
1 59
1 2
1 54
1 167
1 116
1 6
1 126
1 83
1 43
1 103
1 101
1 135
1 158
1 102
1 52
1 14
1 7
1 111
1 85
1 142
1 22
1 56
1 190
1 106
1 59
1 69
1 138
1 102
1 18
1 111
1 16
1 148
1 52
1 7
1 18
1 23
1 87
1 18
1 160
1 132
1 1
1 37
1 28
1 145
1 148
1 14
1 122
1 37
1 42
1 26
1 43
1 98
1 115
1 142
1 129
1 149
1 28
1 98
1 42
1 52
1 42
1 69
1 31
1 185
1 172
1 52
1 98
1 101
1 162
1 129
1 7
1 173
1 17
1 26
1 28
1 24
1 15
1 77
1 66
1 154
1 116
1 169
1 80
1 9
1 33
1 139
1 166
1 4
1 149
1 80
1 168
1 16
1 3
1 81
1 102
1 28
1 183
1 89
1 93
1 135
1 84
1 145
1 135
1 98
1 115
1 33
1 10
1 15
1 44
1 34
1 79
1 1
1 130
1 158
1 90
1 178
1 18
1 139
1 173
1 2
1 129
1 137
1 27
1 27
1 161
1 2
1 87
1 148
1 56
1 44
1 6
1 52
1 87
1 11
1 166
1 3
1 139
1 143
1 61
1 49
1 139
1 151
1 22
1 102
1 42
1 117
1 52
1 189
1 69
1 190
1 36
1 59
1 102
1 12
1 18
1 68
1 158
1 101
1 131
1 158
1 20
1 145
1 0
1 114
1 3
1 143
1 24
1 27
1 34
1 34
1 10
1 87
1 111
1 171
1 158
1 24
1 34
1 27
1 14
1 156
1 180
1 181
1 151
1 63
1 44
1 27
1 159
1 7
1 98
1 117
1 8
1 110
1 33
1 2
1 63
1 110
1 111
1 33
1 189
1 18
1 24
1 136
1 27
1 158
1 115
1 91
1 66
1 24
1 139
1 7
1 24
1 141
1 129
1 80
1 33
1 145
1 94
1 6
1 136
1 31
1 161
1 177
1 10
1 34
1 22
1 2
1 33
1 91
1 14
1 7
1 54
1 25
1 159
1 11
1 133
1 102
1 105
1 91
1 34
1 36
1 158
1 139
1 33
1 53
1 44
1 79
1 59
1 139
1 158
1 96
1 22
1 22
1 129
1 171
1 139
1 47
1 80
1 44
1 139
1 68
1 115
1 143
1 48
1 173
1 140
1 7
1 18
1 4
1 101
1 91
1 59
1 139
1 60
1 70
1 91
1 71
1 28
1 126
1 71
1 165
1 93
1 56
1 159
1 130
1 102
1 54
1 33
1 87
1 93
1 71
1 33
1 93
1 7
1 36
1 36
1 3
1 188
1 159
1 93
1 134
1 59
1 139
1 108
1 0
1 3
1 33
1 130
1 56
1 33
1 188
1 139
1 62
1 71
1 114
1 78
1 169
1 3
1 145
1 40
1 96
1 91
1 70
1 119
1 44
1 7
1 60
1 42
1 190
1 136
1 80
1 44
1 102
1 63
1 8
1 130
1 135
1 15
1 63
1 96
1 115
1 158
1 6
1 18
1 114
1 129
1 135
1 3
1 111
1 95
1 7
1 7
1 135
1 158
1 67
1 174
1 18
1 8
1 54
1 91
1 44
1 116
1 91
1 56
1 143
1 151
1 114
1 8
1 70
1 165
1 157
1 143
1 14
1 157
1 33
1 171
1 174
1 119
1 139
1 96
1 114
1 70
1 54
1 31
1 56
1 67
1 190
1 93
1 108
1 49
1 3
1 159
1 44
1 44
1 102
1 3
1 33
1 116
1 91
1 161
1 102
1 171
1 117
1 18
1 194
1 33
1 0
1 44
1 67
1 112
1 168
1 18
1 102
1 18
1 96
1 182
1 7
1 18
1 102
1 114
1 52
1 49
1 49
1 171
1 108
1 53
1 48
1 56
1 55
1 125
1 70
1 173
1 114
1 70
1 21
1 68
1 10
1 114
1 181
1 71
1 96
1 3
1 86
1 157
1 59
1 70
1 167
1 15
1 135
1 171
1 43
1 56
1 145
1 54
1 145
1 44
1 115
1 184
1 145
1 10
1 2
1 3
1 51
1 144
1 14
1 149
1 115
1 40
1 116
1 136
1 44
1 183
1 136
1 44
1 170
1 70
1 52
1 93
1 156
1 146
1 110
1 68
1 96
1 159
1 34
1 21
1 107
1 13
1 51
1 67
1 59
1 93
1 139
1 165
1 18
1 141
1 186
1 24
1 182
1 3
1 139
1 62
1 70
1 136
1 4
1 33
1 43
1 190
1 36
1 31
1 91
1 60
1 101
1 18
1 136
1 168
1 7
1 51
1 7
1 10
1 48
1 63
1 117
1 167
1 3
1 6
1 182
1 27
1 3
1 102
1 150
1 173
1 10
1 15
1 7
1 145
1 101
1 34
1 112
1 9
1 75
1 33
1 19
1 122
1 129
1 145
1 33
1 63
1 108
1 90
1 145
1 80
1 4
1 167
1 160
1 91
1 8
1 84
1 178
1 151
1 79
1 27
1 100
1 20
1 80
1 160
1 115
1 81
1 171
1 156
1 68
1 87
1 51
1 115
1 131
1 15
1 87
1 88
1 136
1 167
1 160
1 136
1 18
1 119
1 134
1 145
1 7
1 135
1 79
1 84
1 96
1 131
1 131
1 188
1 9
1 128
1 183
1 165
1 158
1 91
1 5
1 96
1 79
1 190
1 168
1 70
1 194
1 4
1 183
1 111
1 188
1 53
1 143
1 33
1 31
1 156
1 158
1 160
1 28
1 106
1 122
1 149
1 4
1 118
1 49
2 143
2 81
2 86
2 61
2 79
2 78
2 168
2 68
2 120
2 193
2 20
2 183
2 89
2 154
2 80
2 67
2 24
2 28
2 122
2 118
2 8
2 158
2 160
2 97
2 116
2 43
2 145
2 110
2 181
2 16
2 118
2 96
2 43
2 107
2 55
2 144
2 63
2 59
2 85
2 26
2 101
2 23
2 34
2 8
2 194
2 78
2 33
2 56
2 84
2 129
2 78
2 50
2 78
2 0
2 111
2 188
2 173
2 3
2 164
2 72
2 8
2 115
2 42
2 43
2 122
2 129
2 129
2 4
2 188
2 150
2 66
2 20
2 15
2 136
2 8
2 116
2 160
2 52
2 83
2 188
2 142
2 118
2 158
2 20
2 118
2 63
2 22
2 4
2 73
2 163
2 43
2 171
2 193
2 134
2 84
2 173
2 131
2 96
2 146
2 189
2 53
2 69
2 66
2 18
2 53
2 107
2 106
2 160
2 102
2 154
2 112
2 111
2 79
2 85
2 43
2 7
2 188
2 111
2 110
2 188
2 81
2 28
2 61
2 189
2 44
2 20
2 81
2 33
2 20
2 28
2 158
2 154
2 131
2 91
2 6
2 171
2 25
2 0
2 90
2 180
2 56
2 49
2 84
2 49
2 66
2 128
2 59
2 126
2 8
2 111
2 122
2 143
2 109
2 49
2 160
2 105
2 100
2 31
2 188
2 53
2 107
2 78
2 51
2 78
2 193
2 54
2 134
2 8
2 159
2 8
2 97
2 8
2 33
2 101
2 107
2 129
2 85
2 146
2 23
2 114
2 160
2 8
2 44
2 34
2 84
2 14
2 101
2 43
2 101
2 180
2 148
2 180
2 188
2 160
2 111
2 34
2 160
2 63
2 158
2 118
2 87
2 129
2 103
2 166
2 43
2 81
2 89
2 84
2 171
2 191
2 100
2 25
2 150
2 25
2 70
2 69
2 59
2 73
2 148
2 42
2 111
2 107
2 147
2 37
2 54
2 139
2 191
2 23
2 78
2 61
2 29
2 136
2 49
2 73
2 120
2 79
2 158
2 126
2 61
2 111
2 63
2 191
2 8
2 83
2 87
2 188
2 66
2 25
2 170
2 111
2 173
2 63
2 67
2 187
2 137
2 116
2 102
2 154
2 66
2 7
2 170
2 27
2 111
2 93
2 59
2 146
2 79
2 154
2 18
2 8
2 129
2 0
2 84
2 110
2 125
2 122
2 7
2 125
2 126
2 177
2 12
2 159
2 93
2 161
2 49
2 49
2 160
2 18
2 122
2 136
2 16
2 31
2 169
2 62
2 139
2 129
2 157
2 138
2 12
2 189
2 63
2 118
2 140
2 54
2 40
2 54
2 96
2 191
2 188
2 137
2 33
2 45
2 143
2 160
2 34
2 166
2 81
2 120
2 162
2 56
2 42
2 143
2 188
2 14
2 118
2 6
2 118
2 25
2 59
2 188
2 80
2 20
2 7
2 14
2 185
2 102
2 188
2 62
2 173
2 115
2 2
2 159
2 7
2 27
2 89
2 25
2 129
2 152
2 98
2 69
2 159
2 89
2 168
2 111
2 42
2 24
2 103
2 22
2 94
2 131
2 96
2 11
2 188
2 154
2 154
2 188
2 120
2 97
2 75
2 73
2 188
2 154
2 114
2 174
2 166
2 135
2 6
2 15
2 145
2 140
2 79
2 58
2 48
2 62
2 146
2 68
2 187
2 31
2 154
2 6
2 24
2 166
2 173
2 110
2 128
2 73
2 43
2 4
2 6
2 10
2 59
2 170
2 2
2 48
2 148
2 71
2 20
2 66
2 25
2 84
2 66
2 78
2 9
2 163
2 12
2 67
2 188
2 49
2 44
2 52
2 89
2 89
2 120
2 60
2 115
2 28
2 87
2 10
2 113
2 89
2 118
2 120
2 191
2 119
2 68
2 135
2 44
2 23
2 169
2 171
2 118
2 109
2 59
2 163
2 6
2 91
2 15
2 72
2 105
2 28
2 0
2 27
2 183
2 189
2 158
2 162
2 118
2 94
2 2
2 79
2 162
2 23
2 73
2 129
2 48
2 118
2 90
2 149
2 159
2 23
2 125
2 59
2 159
2 101
2 171
2 160
2 145
2 163
2 27
2 0
2 6
2 154
2 84
2 98
2 120
2 1
2 22
2 129
2 63
2 27
2 131
2 67
2 79
2 165
2 130
2 120
2 154
2 43
2 13
2 146
2 161
2 31
2 34
2 22
2 180
2 154
2 67
2 159
2 37
2 183
2 49
2 20
2 12
2 10
2 36
2 118
2 101
2 103
2 18
2 103
2 108
2 98
2 144
2 148
2 67
2 129
2 43
2 98
2 3
2 120
2 188
2 143
2 1
2 15
2 160
2 33
2 153
2 40
2 27
2 158
2 158
2 189
2 45
2 192
2 3
2 125
2 17
2 122
2 25
2 93
2 135
2 23
2 159
2 111
2 12
2 19
2 116
2 118
2 174
2 22
2 116
2 97
2 106
2 42
2 133
2 78
2 174
2 149
2 125
2 71
2 143
2 71
2 28
2 129
2 127
2 117
2 118
2 151
2 3
2 33
2 160
2 146
2 6
2 81
2 1
2 66
2 37
2 146
2 12
2 87
2 160
2 37
2 0
2 144
2 111
2 169
2 13
2 52
2 71
2 170
2 186
2 158
2 67
2 161
2 160
2 154
2 84
2 15
2 135
2 49
2 15
2 168
2 4
2 66
2 140
2 168
2 8
2 144
2 2
2 133
2 183
2 89
2 13
2 145
2 122
2 89
2 183
2 98
2 102
2 54
2 146
2 52
2 31
2 52
2 119
2 171
2 151
2 10
2 111
2 13
2 125
2 66
2 9
2 170
2 101
2 1
2 14
2 91
2 75
2 103
2 134
2 139
2 106
2 111
2 33
2 162
2 18
2 118
2 192
2 14
2 53
2 163
2 20
2 23
2 6
2 122
2 146
2 146
2 79
2 22
2 10
2 118
2 142
2 147
2 158
2 151
2 20
2 59
2 159
2 113
2 106
2 71
2 6
2 103
2 107
2 20
2 118
2 146
2 49
2 10
2 188
2 118
2 188
2 165
2 2
2 188
2 111
2 146
2 0
2 9
2 8
2 23
2 13
2 66
2 59
2 136
2 143
2 166
2 73
2 137
2 161
2 81
2 143
2 56
2 54
2 152
2 143
2 188
2 191
2 66
2 11
2 148
2 66
2 9
2 53
2 42
2 6
2 189
2 150
2 20
2 10
2 159
2 146
2 115
2 138
2 34
2 142
2 55
2 6
2 166
2 126
2 78
2 152
2 69
2 154
2 93
2 79
2 103
2 6
2 167
2 106
2 59
2 122
2 22
2 188
2 66
2 16
2 185
2 95
2 150
2 1
2 98
2 71
2 27
2 33
2 155
2 37
2 108
2 188
2 19
2 166
2 145
2 72
2 119
2 106
2 154
2 79
2 7
2 1
2 84
2 56
2 22
2 115
2 115
2 144
2 188
2 65
2 181
2 10
2 110
2 93
2 21
2 86
2 6
2 185
2 177
2 93
2 122
2 171
2 152
2 161
2 53
2 118
2 34
2 118
2 188
2 187
2 27
2 189
2 137
2 84
2 7
2 6
2 43
2 42
2 97
2 119
2 14
2 1
2 6
2 145
2 98
2 130
2 120
2 146
2 159
2 101
2 24
2 10
2 3
2 167
2 173
2 1
2 173
2 188
2 1
2 44
2 87
2 118
2 51
2 66
2 131
2 189
2 188
2 79
2 115
2 66
2 121
2 170
2 161
2 139
2 105
2 37
2 55
2 34
2 80
2 170
2 43
2 2
2 140
2 43
2 79
2 34
2 154
2 167
2 189
2 14
2 1
2 127
2 60
2 44
2 68
2 6
2 189
2 51
2 147
2 147
2 167
2 188
2 190
2 102
2 22
2 142
2 10
2 66
2 116
2 8
2 117
2 92
2 158
2 161
2 66
2 151
2 149
2 96
2 8
2 122
2 165
2 0
2 115
2 89
2 2
2 19
2 103
2 118
2 2
2 18
2 84
2 144
2 79
2 56
2 145
2 23
2 43
2 188
2 168
2 79
2 118
2 56
2 141
2 42
2 161
2 154
2 118
2 160
2 51
2 1
2 6
2 118
2 19
2 144
2 43
2 89
2 142
2 59
2 135
2 93
2 146
2 48
2 75
2 59
2 130
2 27
2 2
2 81
2 0
2 93
2 64
2 142
2 84
2 138
2 146
2 6
2 49
2 10
2 49
2 87
2 24
2 146
2 160
2 166
2 49
2 71
2 66
2 129
2 59
2 27
2 17
2 83
2 29
2 36
2 81
2 115
2 159
2 166
2 118
2 36
2 119
2 144
2 118
2 142
2 79
2 128
2 57
2 28
2 161
2 1
2 43
2 61
2 183
2 1
2 28
2 94
2 8
2 1
2 27
2 1
2 109
2 27
2 115
2 23
2 9
2 79
2 28
2 8
2 1
2 23
2 79
2 190
2 105
2 155
2 118
2 91
2 117
2 84
2 143
2 7
2 189
2 71
2 160
2 15
2 67
2 51
2 56
2 20
2 54
2 66
2 118
2 151
2 20
2 129
2 64
2 147
2 73
2 159
2 167
2 71
2 151
2 47
2 162
2 110
2 22
2 146
2 68
2 156
2 6
2 1
2 134
2 143
2 10
2 81
2 91
2 146
2 116
2 145
2 148
2 31
2 69
2 167
2 128
2 58
2 66
2 37
2 146
2 133
2 42
2 51
2 189
2 94
2 144
2 3
2 147
2 52
2 10
2 15
2 148
2 84
2 151
2 119
2 75
2 160
2 61
2 1
2 146
2 155
2 177
2 28
2 28
2 24
2 148
2 5
2 27
2 166
2 53
2 85
2 66
2 66
2 54
2 162
2 133
2 109
2 188
2 146
2 62
2 56
2 22
2 133
2 129
2 169
2 188
2 54
2 139
2 31
2 146
2 167
2 129
2 144
2 96
2 147
2 1
2 79
2 19
2 181
2 134
2 61
2 102
2 188
2 173
2 96
2 194
2 174
2 10
2 171
2 24
2 71
2 48
2 125
2 81
2 134
2 20
2 63
2 14
2 1
2 159
2 16
2 183
2 75
2 2
2 135
2 143
2 159
2 95
2 161
2 94
2 7
2 78
2 11
2 183
2 144
2 186
2 115
2 144
2 9
2 0
2 18
2 22
2 98
2 66
2 151
2 167
2 167
2 66
2 43
2 86
2 147
2 108
2 101
2 188
2 34
2 6
2 7
2 167
2 73
2 20
2 48
2 22
2 171
2 105
2 85
2 133
2 174
2 154
2 148
2 160
2 27
2 102
2 103
2 115
2 22
2 37
2 85
2 118
2 83
2 84
2 71
2 42
2 154
2 42
2 2
2 98
2 154
2 44
2 158
2 103
2 135
2 118
2 42
2 18
2 166
2 83
2 118
2 79
2 80
2 27
2 62
2 59
2 129
2 52
2 102
2 108
2 122
2 145
2 98
2 5
2 42
2 0
2 182
2 152
2 147
2 130
2 146
2 71
2 167
2 67
2 174
2 136
2 2
2 146
2 28
2 28
2 173
2 186
2 188
2 136
2 52
2 98
2 80
2 191
2 171
2 152
2 151
2 145
2 70
2 20
2 23
2 49
2 10
2 156
2 105
2 22
2 66
2 106
2 71
2 62
2 52
2 161
2 98
2 189
2 131
2 160
2 180
2 135
2 161
2 1
2 119
2 11
2 89
2 148
2 188
2 173
2 188
2 34
2 190
2 23
2 91
2 159
2 123
2 129
2 79
2 37
2 48
2 133
2 10
2 52
2 172
2 64
2 28
2 79
2 2
2 189
2 189
2 166
2 93
2 36
2 79
2 106
2 6
2 28
2 53
2 162
2 49
2 62
2 73
2 9
2 10
2 10
2 101
2 37
2 4
2 98
2 103
2 37
2 68
2 78
2 61
2 31
2 98
2 62
2 43
2 107
2 102
2 1
2 84
2 166
2 131
2 171
2 104
2 10
2 22
2 96
2 79
2 0
2 156
2 165
2 98
2 161
2 34
2 108
2 86
2 174
2 66
2 87
2 84
2 189
2 167
2 102
2 188
2 158
2 129
2 8
2 121
2 94
2 49
2 145
2 87
2 115
2 142
2 1
2 105
2 65
2 103
2 185
2 66
2 31
2 16
2 100
2 16
2 59
2 106
2 4
2 1
2 62
2 17
2 161
2 43
2 180
2 1
2 102
2 96
2 146
2 53
2 96
2 151
2 67
2 34
2 129
2 159
2 147
2 1
2 81
2 152
2 136
2 142
2 31
2 70
2 122
2 120
2 142
2 75
2 47
2 178
2 1
2 53
2 103
2 31
2 81
2 64
2 189
2 49
2 22
2 10
2 62
2 25
2 160
2 83
2 158
2 21
2 110
2 40
2 166
2 4
2 75
2 166
2 22
2 150
2 91
2 53
2 6
2 59
2 115
2 154
2 11
2 19
2 1
2 151
2 173
2 4
2 67
2 165
2 87
2 104
2 151
2 182
2 71
2 183
2 115
2 185
2 154
2 31
2 177
2 73
2 119
2 158
2 10
2 144
2 43
2 114
2 121
2 144
2 24
2 147
2 1
2 59
2 97
2 81
2 144
2 84
2 191
2 83
2 43
2 188
2 1
2 2
2 59
2 158
2 91
2 101
2 134
2 1
2 100
2 115
2 139
2 0
2 169
2 71
2 145
2 152
2 50
2 103
2 43
2 118
2 16
2 166
2 109
2 4
2 151
2 6
2 33
2 118
2 1
2 87
2 146
2 15
2 102
2 146
2 103
2 49
2 176
2 102
2 43
2 171
2 121
2 147
2 90
2 6
2 145
2 57
2 73
2 37
2 166
2 191
2 52
2 161
2 98
2 183
2 126
2 181
2 66
2 22
2 16
2 188
2 78
2 34
2 91
2 42
2 146
2 36
2 156
2 1
2 27
2 97
2 67
2 118
2 142
2 1
2 48
2 161
2 115
2 90
2 37
2 36
2 125
2 34
2 162
2 43
2 64
2 91
2 1
2 174
2 11
2 154
2 31
2 129
2 95
2 183
2 193
2 102
2 59
2 158
2 53
2 0
2 193
2 89
2 118
2 49
2 39
2 31
2 1
2 130
2 52
2 147
2 193
2 131
2 177
2 10
2 27
2 25
2 1
2 146
2 52
2 98
2 167
2 186
2 1
2 54
2 147
2 134
2 148
2 122
2 183
2 52
2 147
2 144
2 161
2 2
2 13
2 0
2 6
2 172
2 183
2 133
2 78
2 2
2 147
2 42
2 151
2 129
2 168
2 115
2 191
2 84
2 129
2 91
2 54
2 114
2 165
2 187
2 98
2 133
2 2
2 1
2 113
2 52
2 146
2 115
2 163
2 114
2 165
2 160
2 118
3 166
3 73
3 94
3 43
3 101
3 122
3 43
3 20
3 183
3 20
3 154
3 1
3 36
3 115
3 188
3 163
3 80
3 188
3 189
3 22
3 43
3 27
3 94
3 144
3 33
3 22
3 98
3 75
3 10
3 129
3 125
3 66
3 98
3 133
3 145
3 69
3 1
3 89
3 16
3 94
3 73
3 52
3 21
3 140
3 64
3 43
3 114
3 1
3 1
3 145
3 83
3 80
3 6
3 101
3 100
3 94
3 115
3 11
3 128
3 144
3 42
3 163
3 115
3 59
3 11
3 2
3 148
3 1
3 151
3 157
3 181
3 86
3 190
3 125
3 161
3 122
3 147
3 186
3 2
3 190
3 78
3 34
3 20
3 181
3 85
3 125
3 120
3 71
3 1
3 158
3 19
3 59
3 189
3 43
3 49
3 125
3 129
3 34
3 66
3 131
3 165
3 142
3 24
3 147
3 1
3 4
3 140
3 26
3 181
3 94
3 52
3 123
3 111
3 4
3 25
3 23
3 163
3 122
3 151
3 91
3 70
3 1
3 138
3 161
3 142
3 145
3 166
3 7
3 147
3 160
3 86
3 125
3 10
3 1
3 160
3 187
3 122
3 7
3 144
3 64
3 4
3 37
3 53
3 15
3 63
3 2
3 62
3 185
3 162
3 139
3 137
3 24
3 24
3 71
3 186
3 139
3 147
3 16
3 120
3 162
3 27
3 118
3 111
3 75
3 145
3 13
3 98
3 146
3 144
3 15
3 163
3 94
3 188
3 86
3 146
3 167
3 168
3 147
3 47
3 192
3 37
3 186
3 49
3 68
3 80
3 12
3 136
3 156
3 103
3 152
3 1
3 43
3 10
3 145
3 43
3 118
3 75
3 75
3 91
3 37
3 10
3 51
3 146
3 163
3 146
3 10
3 47
3 94
3 63
3 66
3 125
3 144
3 84
3 173
3 184
3 91
3 117
3 106
3 27
3 121
3 129
3 169
3 118
3 64
3 163
3 145
3 145
3 185
3 160
3 43
3 129
3 52
3 134
3 69
3 1
3 188
3 28
3 158
3 173
3 188
3 133
3 186
3 87
3 1
3 1
3 10
3 96
3 189
3 171
3 154
3 98
3 147
3 2
3 71
3 43
3 12
3 161
3 187
3 120
3 4
3 113
3 27
3 181
3 111
3 147
3 33
3 166
3 186
3 6
3 79
3 144
3 75
3 8
3 75
3 186
3 79
3 189
3 43
3 1
3 144
3 116
3 140
3 177
3 139
3 166
3 37
3 23
3 144
3 101
3 194
3 118
3 21
3 47
3 143
3 101
3 98
3 1
3 39
3 9
3 11
3 151
3 62
3 12
3 146
3 162
3 10
3 42
3 154
3 101
3 51
3 94
3 115
3 76
3 166
3 0
3 177
3 145
3 67
3 148
3 1
3 129
3 43
3 190
3 12
3 69
3 39
3 188
3 51
3 2
3 52
3 67
3 144
3 139
3 22
3 43
3 32
3 147
3 147
3 43
3 117
3 35
3 91
3 52
3 71
3 1
3 43
3 161
3 118
3 71
3 145
3 52
3 98
3 133
3 144
3 19
3 27
3 1
3 146
3 117
3 122
3 71
3 42
3 154
3 2
3 148
3 50
3 43
3 43
3 128
3 168
3 16
3 50
3 147
3 176
3 80
3 147
3 129
3 63
3 28
3 71
3 7
3 125
3 47
3 35
3 1
3 10
3 69
3 147
3 169
3 152
3 147
3 161
3 147
3 159
3 188
3 188
3 170
3 142
3 147
3 14
3 11
3 147
3 36
3 92
3 48
3 43
3 117
3 79
3 63
3 147
3 146
3 177
3 100
3 125
3 147
3 59
3 125
3 16
3 185
3 125
3 1
3 2
3 56
3 12
3 129
3 116
3 52
3 86
3 110
3 75
3 118
3 54
3 83
3 98
3 147
3 66
3 129
3 10
3 28
3 147
3 44
3 136
3 6
3 12
3 101
3 16
3 6
3 52
3 103
3 147
3 83
3 16
3 16
3 130
3 154
3 123
3 146
3 123
3 115
3 182
3 42
3 21
3 36
3 12
3 10
3 147
3 162
3 71
3 98
3 80
3 11
3 71
3 89
3 147
3 52
3 177
3 12
3 188
3 186
3 136
3 42
3 52
3 11
3 167
3 136
3 117
3 84
3 101
3 10
3 98
3 15
3 11
3 1
3 101
3 79
3 99
3 185
3 105
3 67
3 189
3 2
3 9
3 1
3 73
3 180
3 10
3 177
3 118
3 79
3 142
3 166
3 94
3 109
3 85
3 167
3 146
3 14
3 152
3 147
3 2
3 89
3 103
3 11
3 52
3 37
3 28
3 48
3 191
3 48
3 103
3 189
3 86
3 136
3 131
3 118
3 54
3 145
3 12
3 167
3 151
3 142
3 2
3 37
3 147
3 42
3 16
3 158
3 2
3 62
3 167
3 166
3 167
3 161
3 169
3 42
3 39
3 52
3 13
3 103
3 60
3 71
3 1
3 150
3 70
3 146
3 33
3 2
3 0
3 37
3 2
3 59
3 43
3 1
3 67
3 4
3 26
3 8
3 35
3 129
3 0
3 165
3 84
3 115
3 0
3 104
3 61
3 23
3 162
3 37
3 147
3 125
3 10
3 152
3 178
3 2
3 134
3 7
3 158
3 189
3 133
3 67
3 1
3 177
3 78
3 167
3 188
3 158
3 10
3 83
3 61
3 111
3 181
3 48
3 163
3 64
3 140
3 34
3 62
3 48
3 60
3 161
3 6
3 1
3 84
3 1
3 98
3 80
3 43
3 181
3 1
3 110
3 89
3 2
3 193
3 36
3 147
3 129
3 170
3 131
