478
485
498
487
533
521
539
553
548
638
616
621
631
636
635
665
625
599
622
664
631
645
654
661
636
669
663
647
617
661
700
667
682
650
649
640
612
649
615
623
577
600
599
582
570
588
606
623
612
600
597
613
587
587
605
599
591
643
677
668
644
604
603
635
587
587
592
574
614
698
824
745
715
627
642
599
600
613
568
566
525
360
1
0
626
453
437
390
414
404
401
392
375
388
423
410
427
410
392
398
400
405
450
437
447
456
381
364
325
300
254
235
189
214
172
162
168
156
157
131
134
113
110
104
89
88
84
96
83
80
96
90
89
100
87
86
90
91
89
80
81
85
98
71
93
82
82
103
90
112
110
105
121
134
128
129
115
140
141
150
164
161
209
199
226
229
247
245
279
288
297
313
312
327
426
419
405
380
403
397
417
425
436
430
437
454
515
499
466
470
480
452
472
445
469
427
432
465
447
457
453
386
409
395
375
370
392
421
435
434
441
416
434
389
410
380
397
365
383
366
402
388
410
422
419
389
372
398
374
355
384
354
357
381
382
411
404
428
447
423
0
0
0
0
0
0
0
0
0
0
0
0
0
0
0
0
0
0
0
0
0
0
0
0
0
0
0
0
0
0
0
0
0
0
0
0
0
0
0
0
0
0
0
0
0
0
0
0
