0 0
0 0
0 0
0 0
0 0
0 0
0 12
0 1
0 0
0 12
0 21
0 13
0 4
0 3
0 1
0 0
0 0
0 0
0 0
0 1
0 60
0 60
0 60
0 60
1 0
1 0
1 0
1 0
1 0
1 0
1 1
1 9
1 7
1 22
1 31
1 30
1 29
1 10
1 2
1 0
1 0
1 0
1 0
1 0
1 0
1 0
1 0
1 0
2 0
2 0
2 0
2 0
2 0
2 0
2 2
2 11
2 21
2 19
2 6
2 14
2 19
2 13
2 1
2 0
2 0
2 2
2 1
2 2
2 0
2 0
2 0
2 0
3 1
3 0
3 0
3 0
3 0
3 0
3 8
3 20
3 14
3 5
3 2
3 3
3 5
3 23
3 9
3 4
3 1
3 6
3 9
3 4
3 0
3 0
3 0
3 0
4 1
4 0
4 0
4 1
4 0
4 4
4 8
4 12
4 9
4 2
4 0
4 0
4 2
4 8
4 6
4 3
4 10
4 9
4 8
4 11
4 0
4 0
4 0
4 0
5 4
5 1
5 2
5 0
5 6
5 7
5 10
5 5
5 6
5 0
5 0
5 0
5 1
5 2
5 14
5 4
5 7
5 21
5 16
5 12
5 0
5 0
5 0
5 0
6 8
6 3
6 3
6 2
6 7
6 9
6 7
6 1
6 2
6 0
6 0
6 0
6 0
6 1
6 8
6 12
6 24
6 14
6 13
6 17
6 0
6 0
6 0
6 0
7 11
7 10
7 6
7 5
7 8
7 11
7 9
7 0
7 1
7 0
7 0
7 0
7 0
7 0
7 7
7 14
7 10
7 6
7 7
7 7
7 0
7 0
7 0
7 0
8 15
8 16
8 7
8 9
8 18
8 9
8 2
8 0
8 0
8 0
8 0
8 0
8 0
8 0
8 8
8 14
8 4
8 1
8 5
8 5
8 0
8 0
8 0
8 0
9 11
9 11
9 9
9 15
9 11
9 10
9 1
9 0
9 0
9 0
9 0
9 0
9 0
9 0
9 3
9 2
9 2
9 1
9 1
9 0
9 0
9 0
9 0
9 0
10 5
10 7
10 11
10 13
10 8
10 6
10 0
10 0
10 0
10 0
10 0
10 0
10 0
10 0
10 1
10 3
10 1
10 0
10 0
10 0
10 0
10 0
10 0
10 0
11 2
11 5
11 7
11 8
11 1
11 1
11 0
11 1
11 0
11 0
11 0
11 0
11 0
11 0
11 0
11 3
11 1
11 0
11 0
11 1
11 0
11 0
11 0
11 0
12 1
12 6
12 7
12 4
12 1
12 2
12 0
12 0
12 0
12 0
12 0
12 0
12 0
12 0
12 0
12 0
12 0
12 0
12 0
12 0
12 0
12 0
12 0
12 0
13 1
13 1
13 6
13 3
13 0
13 1
13 0
13 0
13 0
13 0
13 0
13 0
13 0
13 0
13 0
13 1
13 0
13 0
13 0
13 0
13 0
13 0
13 0
13 0
