0 69
1 73
2 78
3 89
4 90
5 89
6 91
7 93
8 93
9 91
10 97
11 92
12 89
13 85
14 83
15 86
16 86
17 85
18 85
19 94
20 88
21 86
22 84
23 107
24 94
25 86
26 79
27 17
28 72
29 57
30 55
31 58
32 58
33 57
34 63
35 57
36 41
37 30
38 23
39 21
40 17
41 13
42 12
43 12
44 13
45 12
46 11
47 12
48 12
49 14
50 16
51 18
52 18
53 22
54 30
55 34
56 41
57 45
58 59
59 56
60 60
61 62
62 70
63 66
64 66
65 63
66 64
67 56
68 54
69 61
70 61
71 56
72 54
73 55
74 59
75 55
76 53
77 52
78 57
79 61
80 0
81 0
82 0
83 0
84 0
85 0
86 0
87 0
88 0
89 0
90 0
91 0
92 0
93 0
94 0
95 0
