24
34
30
27
31
33
35
34
33
28
40
34
40
36
34
34
41
35
35
40
39
39
35
29
37
42
33
32
37
28
40
35
39
34
36
35
40
40
37
38
33
35
29
32
29
38
31
31
31
32
29
32
32
28
34
30
28
27
34
31
26
25
34
27
32
30
28
26
27
24
32
26
21
23
23
25
24
21
20
23
21
9
0
0
27
15
17
16
13
14
13
12
15
8
12
11
11
15
16
8
13
16
12
13
17
15
17
12
10
11
9
10
7
6
6
3
6
5
4
4
4
5
3
4
6
3
3
6
5
3
5
3
2
8
2
5
3
6
6
4
4
7
6
4
4
3
6
8
6
11
10
11
16
12
15
16
10
9
13
18
14
18
15
20
24
21
24
24
27
25
32
33
32
36
44
35
39
31
36
34
35
36
31
45
33
29
37
43
41
34
45
40
42
41
42
38
38
37
39
44
34
37
29
39
35
30
30
23
36
23
27
30
33
31
24
28
30
21
22
31
36
28
34
28
33
27
34
24
30
26
30
19
22
32
30
27
33
28
26
23
0
0
0
0
0
0
0
0
0
0
0
0
0
0
0
0
0
0
0
0
0
0
0
0
0
0
0
0
0
0
0
0
0
0
0
0
0
0
0
0
0
0
0
0
0
0
0
0
