36
36
35
35
33
39
42
45
38
37
44
48
44
35
42
43
44
42
49
44
44
42
53
48
48
51
45
48
53
49
51
46
47
54
45
47
50
46
56
45
48
47
50
43
47
45
42
44
42
43
39
40
41
37
43
38
41
34
37
39
45
40
33
37
35
36
36
36
42
40
39
33
31
35
29
22
24
29
22
22
21
6
0
0
29
16
17
10
14
13
17
14
13
11
12
15
8
15
14
13
14
10
17
16
18
14
24
13
12
9
8
7
7
9
5
3
7
5
6
5
7
5
5
1
3
2
5
6
5
1
4
5
5
3
6
7
8
4
6
6
6
6
6
4
5
7
7
7
6
10
6
9
10
11
9
8
10
11
10
10
13
11
13
17
11
12
20
15
19
19
24
23
25
25
30
33
36
25
31
33
37
32
30
37
35
39
36
36
34
37
31
36
40
30
34
31
26
29
28
33
25
28
32
27
22
28
27
21
31
28
26
28
27
24
21
23
22
25
26
26
31
24
28
25
26
24
26
34
28
26
26
28
26
22
24
25
34
27
27
29
0
0
0
0
0
0
0
0
0
0
0
0
0
0
0
0
0
0
0
0
0
0
0
0
0
0
0
0
0
0
0
0
0
0
0
0
0
0
0
0
0
0
0
0
0
0
0
0
