95
88
97
102
96
90
99
93
98
105
100
94
105
105
94
93
110
91
97
96
107
121
102
110
93
99
111
100
118
93
117
109
103
115
95
107
126
103
110
107
122
105
116
107
98
103
117
166
129
123
120
126
107
127
136
139
102
129
127
124
125
126
127
128
125
120
133
126
128
129
128
130
119
132
126
119
143
141
134
128
127
133
125
122
118
115
117
126
120
121
127
125
111
133
126
136
137
133
131
127
124
117
150
119
121
127
148
121
121
128
126
123
133
144
128
140
120
142
134
125
117
129
131
135
124
141
137
133
121
137
138
141
132
126
126
144
123
125
114
141
113
117
115
133
139
134
141
139
129
118
137
130
144
140
149
125
129
134
144
135
130
145
124
147
136
127
127
125
138
133
120
119
141
145
124
138
115
135
127
125
126
118
118
119
131
136
131
130
131
121
128
113
122
120
132
126
129
127
119
122
121
118
106
115
117
129
118
122
111
120
115
111
124
128
121
120
109
113
118
122
119
123
107
114
107
128
119
96
127
118
111
124
138
115
118
117
122
120
133
131
118
128
126
123
117
119
115
124
129
113
125
137
105
112
118
115
127
124
118
129
119
124
106
122
116
126
120
119
105
117
127
125
120
116
117
120
108
130
110
131
126
120
114
112
119
122
127
137
120
137
126
138
137
139
137
133
133
142
135
125
144
127
123
126
124
114
129
129
117
115
114
124
125
108
132
119
121
139
122
134
119
106
131
122
109
121
117
110
117
122
129
118
114
124
107
119
117
117
110
111
114
122
128
121
129
111
124
158
163
142
152
174
185
155
158
157
142
153
145
148
142
152
133
143
145
130
120
125
122
130
124
126
140
137
115
125
123
118
112
121
116
114
122
128
120
118
124
116
123
132
118
112
114
109
115
111
111
125
105
114
110
101
109
102
103
101
86
66
55
52
1
0
0
0
0
0
0
0
0
0
166
176
98
99
87
87
86
98
107
75
98
83
86
85
85
74
80
79
77
80
91
77
86
78
82
79
75
83
77
90
86
74
81
83
77
73
98
66
78
77
64
74
89
65
83
88
73
75
80
72
79
101
82
83
78
85
82
76
80
87
84
88
87
86
82
87
77
86
85
75
85
82
82
68
75
83
84
78
82
71
81
81
81
72
85
86
81
79
75
84
85
99
85
92
89
93
87
92
82
83
92
95
94
79
87
92
92
86
93
93
79
89
78
67
68
69
73
78
72
72
66
65
76
58
60
66
65
61
50
58
56
51
51
44
52
51
52
40
47
45
33
36
43
41
36
45
44
42
44
39
32
43
29
36
32
36
35
32
31
28
35
38
29
38
28
27
26
39
34
30
33
32
25
30
37
26
29
21
31
24
23
31
30
26
24
23
21
28
20
21
19
24
17
23
27
22
21
26
14
21
20
17
21
16
15
19
18
14
20
17
17
15
19
22
11
17
20
18
18
23
18
15
15
24
11
15
15
15
16
19
15
22
24
20
15
20
16
18
17
19
17
16
24
17
15
21
15
20
24
20
19
14
24
15
15
15
19
18
13
21
14
20
22
21
13
24
16
17
16
18
22
12
16
20
19
15
22
15
15
13
10
22
14
19
16
20
14
17
17
17
24
19
20
14
21
17
17
11
15
11
16
15
21
19
22
16
15
15
23
13
15
14
20
16
17
21
24
20
20
18
15
19
22
17
17
26
18
18
24
26
21
22
23
18
26
21
21
20
20
23
27
27
25
21
21
20
17
24
31
42
27
26
24
25
26
29
23
27
24
26
19
27
16
22
31
27
26
28
25
34
26
34
33
22
26
36
26
29
33
26
34
32
39
33
26
37
27
35
26
36
44
47
41
31
46
42
41
37
37
42
46
39
51
45
45
49
33
53
49
45
42
41
49
56
59
52
47
46
47
53
50
60
53
58
58
58
57
58
57
58
53
63
56
61
64
60
57
57
68
71
57
64
61
60
70
58
59
70
79
61
81
72
96
91
86
88
74
93
80
84
75
80
98
76
76
75
80
77
70
78
91
78
82
81
71
83
74
78
81
81
78
72
87
100
80
77
85
90
85
88
72
89
87
105
83
89
89
84
79
89
85
94
84
85
89
100
95
87
83
89
93
98
82
114
128
102
109
100
98
90
104
94
86
88
94
94
86
111
87
92
103
90
107
96
84
92
85
89
86
100
99
102
96
93
82
84
94
80
91
96
96
98
94
88
93
87
89
88
78
85
88
89
92
94
69
87
97
97
96
88
95
92
87
84
89
76
98
97
94
92
88
102
88
86
89
67
76
76
82
85
88
90
76
74
81
81
85
75
83
71
74
75
77
74
75
68
75
73
75
79
76
70
71
91
84
78
75
112
84
72
85
84
89
86
91
85
84
87
91
87
91
84
84
100
82
83
91
79
82
81
102
91
82
79
80
76
82
75
75
81
80
84
80
75
91
73
70
86
79
72
81
77
76
88
75
76
71
78
62
78
68
80
79
82
74
71
74
70
83
68
75
81
81
75
90
77
63
78
88
82
79
75
84
81
91
89
81
74
84
94
87
81
76
85
90
83
81
78
73
74
85
66
68
84
69
74
83
88
84
69
70
74
70
80
80
77
82
66
63
67
82
65
74
83
80
67
78
72
72
65
70
73
65
71
78
78
77
69
81
76
76
89
66
81
70
91
86
89
68
77
82
71
83
94
74
73
86
109
89
71
87
110
80
80
90
87
79
90
74
93
0
0
0
0
0
0
0
0
0
0
0
0
0
0
0
0
0
0
0
0
0
0
0
0
0
0
0
0
0
0
0
0
0
0
0
0
0
0
0
0
0
0
0
0
0
0
0
0
0
0
0
0
0
0
0
0
0
0
0
0
0
0
0
0
0
0
0
0
0
0
0
0
0
0
0
0
0
0
0
0
0
0
0
0
0
0
0
0
0
0
0
0
0
0
0
0
0
0
0
0
0
0
0
0
0
0
0
0
0
0
0
0
0
0
0
0
0
0
0
0
0
0
0
0
0
0
0
0
0
0
0
0
0
0
0
0
0
0
0
0
0
0
0
0
0
0
0
0
0
0
0
0
0
0
0
0
0
0
0
0
0
0
0
0
0
0
0
0
0
0
0
0
0
0
0
0
0
0
0
0
0
0
0
0
0
0
0
0
0
0
0
0
0
0
0
0
0
0
0
0
0
0
0
0
0
0
0
0
0
0
0
0
0
0
0
0
0
0
0
0
0
0
0
0
0
0
0
0
0
0
0
0
0
0
0
0
0
0
0
0
