22
23
23
23
25
24
25
26
26
30
29
29
30
30
30
31
29
28
29
31
30
30
31
31
30
31
31
30
29
31
33
31
32
30
30
30
29
30
29
29
27
28
28
27
27
28
28
29
29
28
28
29
27
27
28
28
28
30
32
31
30
28
28
30
27
27
28
27
29
33
39
35
34
29
30
28
28
29
27
26
25
17
0
0
29
21
20
18
19
19
19
18
17
18
20
19
20
19
18
18
19
19
21
20
21
21
18
17
15
14
12
11
9
10
8
7
8
7
7
6
6
5
5
4
4
4
4
4
3
3
4
4
4
4
4
4
4
4
4
3
3
4
4
3
4
3
3
4
4
5
5
5
5
6
6
6
5
6
6
7
7
7
9
9
10
10
11
11
13
13
14
14
14
15
20
19
19
18
19
18
19
20
20
20
20
21
24
23
22
22
22
21
22
21
22
20
20
22
21
21
21
18
19
18
17
17
18
20
20
20
21
19
20
18
19
18
18
17
18
17
19
18
19
20
19
18
17
18
17
16
18
16
17
18
18
19
19
20
21
20
0
0
0
0
0
0
0
0
0
0
0
0
0
0
0
0
0
0
0
0
0
0
0
0
0
0
0
0
0
0
0
0
0
0
0
0
0
0
0
0
0
0
0
0
0
0
0
0
