38
36
27
37
34
36
39
44
48
40
41
44
48
49
47
43
46
46
42
61
40
56
44
48
42
53
49
43
46
45
52
44
52
37
49
45
37
48
45
46
39
41
38
45
35
35
47
37
40
39
41
40
37
35
42
38
41
39
43
39
45
36
46
37
39
39
39
33
42
43
35
41
29
37
31
25
28
24
22
21
25
17
0
0
31
25
18
21
15
19
16
19
17
17
15
14
17
14
14
16
14
14
16
13
17
28
17
19
15
15
11
5
7
4
5
7
6
6
6
7
5
7
4
4
3
4
4
7
2
3
7
2
4
6
6
8
5
6
8
4
4
9
8
6
12
5
11
11
8
10
12
6
14
14
11
11
9
12
16
13
17
15
24
18
29
25
20
25
26
29
27
34
33
33
30
38
36
35
38
31
32
33
37
32
40
38
35
41
41
39
41
35
45
37
40
34
39
42
42
35
39
32
34
32
30
35
25
35
32
31
39
31
30
28
28
25
29
26
30
34
28
28
35
35
35
27
22
34
26
29
26
29
26
27
31
30
28
26
27
38
0
0
0
0
0
0
0
0
0
0
0
0
0
0
0
0
0
0
0
0
0
0
0
0
0
0
0
0
0
0
0
0
0
0
0
0
0
0
0
0
0
0
0
0
0
0
0
0
