0 4
1 4
2 4
3 4
4 4
5 4
6 4
7 4
8 4
9 5
10 4
11 4
12 5
13 5
14 4
15 4
16 5
17 4
18 4
19 4
20 5
21 5
22 4
23 5
24 4
25 4
26 5
27 4
28 5
29 4
30 5
31 5
32 4
33 5
34 4
35 5
36 6
37 4
38 5
39 5
40 5
41 5
42 5
43 5
44 4
45 4
46 5
47 7
48 6
49 5
50 5
51 6
52 5
53 6
54 6
55 6
56 4
57 6
58 6
59 5
60 5
61 6
62 6
63 6
64 5
65 5
66 6
67 6
68 6
69 6
70 6
71 6
72 5
73 6
74 6
75 5
76 6
77 6
78 6
79 6
80 6
81 6
82 5
83 5
84 5
85 5
86 5
87 6
88 5
89 5
90 6
91 5
92 5
93 6
94 6
95 6
96 6
97 6
98 6
99 6
100 5
101 5
102 7
103 5
104 5
105 6
106 7
107 5
108 5
109 6
110 6
111 5
112 6
113 6
114 6
115 6
116 5
117 6
118 6
119 5
120 5
121 6
122 6
123 6
124 5
125 6
126 6
127 6
128 5
129 6
130 6
131 6
132 6
133 6
134 6
135 6
136 5
137 5
138 5
139 6
140 5
141 5
142 5
143 6
144 6
145 6
146 6
147 6
148 6
149 5
150 6
151 6
152 6
153 6
154 7
155 5
156 6
157 6
158 6
159 6
160 6
161 6
162 5
163 7
164 6
165 6
166 6
167 5
168 6
169 6
170 5
171 5
172 6
173 6
174 5
175 6
176 5
177 6
178 6
179 5
180 6
181 5
182 5
183 5
184 6
185 6
186 6
187 6
188 6
189 5
190 6
191 5
192 5
193 5
194 6
195 6
196 6
197 6
198 5
199 5
200 5
201 5
202 5
203 5
204 5
205 6
206 5
207 5
208 5
209 5
210 5
211 5
212 5
213 6
214 5
215 5
216 5
217 5
218 5
219 5
220 5
221 5
222 5
223 5
224 5
225 6
226 5
227 4
228 6
229 5
230 5
231 5
232 6
233 5
234 5
235 5
236 5
237 5
238 6
239 6
240 5
241 6
242 6
243 5
244 5
245 5
246 5
247 5
248 6
249 5
250 5
251 6
252 5
253 5
254 5
255 5
256 6
257 5
258 5
259 6
260 5
261 5
262 5
263 5
264 5
265 6
266 5
267 5
268 5
269 5
270 6
271 5
272 5
273 5
274 5
275 5
276 5
277 6
278 5
279 6
280 6
281 5
282 5
283 5
284 5
285 5
286 6
287 6
288 5
289 6
290 6
291 6
292 6
293 6
294 6
295 6
296 6
297 6
298 6
299 5
300 6
301 6
302 5
303 6
304 5
305 5
306 6
307 6
308 5
309 5
310 5
311 5
312 5
313 5
314 6
315 5
316 5
317 6
318 5
319 6
320 5
321 5
322 6
323 5
324 5
325 5
326 5
327 5
328 5
329 5
330 6
331 5
332 5
333 5
334 5
335 5
336 5
337 5
338 5
339 5
340 5
341 5
342 6
343 5
344 6
345 5
346 5
347 7
348 7
349 6
350 7
351 8
352 8
353 7
354 7
355 7
356 6
357 7
358 6
359 7
360 6
361 7
362 6
363 6
364 6
365 6
366 5
367 5
368 5
369 6
370 5
371 6
372 6
373 6
374 5
375 5
376 5
377 5
378 5
379 5
380 5
381 5
382 5
383 6
384 5
385 5
386 5
387 5
388 5
389 6
390 5
391 5
392 5
393 5
394 5
395 5
396 5
397 5
398 5
399 5
400 5
401 4
402 5
403 4
404 4
405 4
406 4
407 3
408 2
409 2
410 0
411 0
412 0
413 0
414 0
415 0
416 0
417 0
418 0
419 0
420 7
421 8
422 4
423 4
424 4
425 4
426 4
427 4
428 5
429 3
430 4
431 3
432 4
433 4
434 4
435 3
436 3
437 3
438 3
439 3
440 4
441 3
442 4
443 3
444 3
445 3
446 3
447 3
448 3
449 4
450 4
451 3
452 3
453 3
454 3
455 3
456 4
457 3
458 3
459 3
460 3
461 3
462 4
463 3
464 3
465 4
466 3
467 3
468 3
469 3
470 3
471 4
472 3
473 3
474 3
475 4
476 3
477 3
478 3
479 4
480 4
481 4
482 4
483 4
484 3
485 4
486 3
487 4
488 4
489 3
490 4
491 3
492 3
493 3
494 3
495 3
496 4
497 3
498 3
499 3
500 3
501 3
502 3
503 3
504 4
505 4
506 3
507 3
508 3
509 4
510 4
511 4
512 4
513 4
514 4
515 4
516 4
517 4
518 3
519 3
520 4
521 4
522 4
523 3
524 4
525 4
526 4
527 4
528 4
529 4
530 3
531 4
532 3
533 3
534 3
535 3
536 3
537 3
538 3
539 3
540 3
541 3
542 3
543 2
544 2
545 3
546 3
547 2
548 2
549 2
550 2
551 2
552 2
553 2
554 2
555 2
556 2
557 1
558 2
559 2
560 1
561 1
562 2
563 1
564 1
565 2
566 2
567 2
568 2
569 1
570 1
571 2
572 1
573 1
574 1
575 1
576 1
577 1
578 1
579 1
580 1
581 1
582 1
583 1
584 1
585 1
586 1
587 1
588 1
589 1
590 1
591 1
592 1
593 1
594 1
595 1
596 1
597 1
598 1
599 1
600 1
601 1
602 1
603 1
604 1
605 1
606 1
607 1
608 0
609 1
610 0
611 1
612 0
613 1
614 1
615 1
616 1
617 1
618 0
619 1
620 0
621 0
622 1
623 0
624 0
625 0
626 0
627 0
628 0
629 0
630 0
631 0
632 0
633 1
634 0
635 0
636 0
637 0
638 0
639 1
640 0
641 0
642 0
643 1
644 0
645 0
646 0
647 0
648 0
649 0
650 0
651 1
652 1
653 0
654 0
655 0
656 0
657 0
658 0
659 0
660 0
661 0
662 1
663 0
664 0
665 1
666 0
667 0
668 1
669 0
670 0
671 0
672 1
673 0
674 0
675 0
676 0
677 0
678 0
679 1
680 0
681 0
682 1
683 1
684 0
685 1
686 0
687 0
688 0
689 0
690 1
691 0
692 0
693 0
694 0
695 0
696 1
697 0
698 0
699 0
700 0
701 1
702 0
703 0
704 0
705 0
706 0
707 0
708 0
709 0
710 1
711 0
712 0
713 0
714 1
715 0
716 0
717 0
718 0
719 0
720 0
721 0
722 1
723 0
724 1
725 0
726 0
727 0
728 1
729 0
730 0
731 0
732 0
733 0
734 0
735 1
736 1
737 0
738 0
739 0
740 0
741 0
742 1
743 0
744 0
745 1
746 0
747 0
748 1
749 1
750 1
751 1
752 1
753 0
754 1
755 1
756 1
757 0
758 0
759 1
760 1
761 1
762 1
763 1
764 1
765 0
766 0
767 1
768 1
769 2
770 1
771 1
772 1
773 1
774 1
775 1
776 1
777 1
778 1
779 1
780 0
781 1
782 0
783 1
784 1
785 1
786 1
787 1
788 1
789 1
790 1
791 1
792 1
793 1
794 1
795 1
796 1
797 1
798 1
799 1
800 1
801 1
802 1
803 1
804 1
805 1
806 1
807 1
808 1
809 1
810 2
811 2
812 1
813 1
814 2
815 2
816 1
817 1
818 1
819 2
820 2
821 1
822 2
823 2
824 2
825 2
826 1
827 2
828 2
829 2
830 2
831 1
832 2
833 2
834 2
835 2
836 2
837 2
838 2
839 2
840 2
841 2
842 2
843 2
844 2
845 2
846 2
847 2
848 2
849 2
850 2
851 3
852 2
853 2
854 3
855 2
856 2
857 2
858 3
859 3
860 2
861 3
862 2
863 2
864 3
865 2
866 2
867 3
868 3
869 2
870 3
871 3
872 4
873 4
874 4
875 4
876 3
877 4
878 3
879 4
880 3
881 3
882 4
883 3
884 3
885 3
886 3
887 3
888 3
889 3
890 4
891 3
892 3
893 3
894 3
895 3
896 3
897 3
898 3
899 3
900 3
901 3
902 4
903 4
904 3
905 3
906 4
907 4
908 4
909 4
910 3
911 4
912 4
913 5
914 3
915 4
916 4
917 4
918 3
919 4
920 4
921 4
922 4
923 4
924 4
925 4
926 4
927 4
928 3
929 4
930 4
931 4
932 3
933 5
934 6
935 4
936 5
937 4
938 4
939 4
940 4
941 4
942 4
943 4
944 4
945 4
946 4
947 5
948 4
949 4
950 4
951 4
952 5
953 4
954 4
955 4
956 4
957 4
958 4
959 4
960 4
961 4
962 4
963 4
964 3
965 4
966 4
967 3
968 4
969 4
970 4
971 4
972 4
973 4
974 4
975 4
976 4
977 4
978 3
979 4
980 4
981 4
982 4
983 4
984 3
985 4
986 4
987 4
988 4
989 4
990 4
991 4
992 4
993 4
994 4
995 3
996 4
997 4
998 4
999 4
1000 4
1001 4
1002 4
1003 4
1004 4
1005 3
1006 3
1007 3
1008 3
1009 4
1010 4
1011 4
1012 3
1013 3
1014 3
1015 3
1016 4
1017 3
1018 3
1019 3
1020 3
1021 3
1022 3
1023 3
1024 3
1025 3
1026 3
1027 3
1028 3
1029 3
1030 3
1031 3
1032 3
1033 4
1034 4
1035 3
1036 3
1037 5
1038 4
1039 3
1040 4
1041 4
1042 4
1043 4
1044 4
1045 4
1046 4
1047 4
1048 4
1049 4
1050 4
1051 4
1052 4
1053 4
1054 3
1055 3
1056 4
1057 3
1058 3
1059 3
1060 4
1061 4
1062 3
1063 3
1064 3
1065 3
1066 3
1067 3
1068 3
1069 3
1070 3
1071 4
1072 3
1073 3
1074 4
1075 3
1076 3
1077 4
1078 3
1079 3
1080 3
1081 3
1082 3
1083 4
1084 3
1085 3
1086 3
1087 3
1088 2
1089 3
1090 3
1091 3
1092 3
1093 3
1094 3
1095 3
1096 3
1097 3
1098 3
1099 3
1100 3
1101 3
1102 3
1103 3
1104 4
1105 3
1106 3
1107 3
1108 4
1109 3
1110 3
1111 3
1112 4
1113 3
1114 4
1115 4
1116 3
1117 3
1118 4
1119 4
1120 4
1121 3
1122 3
1123 4
1124 4
1125 3
1126 3
1127 3
1128 3
1129 3
1130 4
1131 3
1132 3
1133 4
1134 3
1135 3
1136 3
1137 4
1138 4
1139 3
1140 3
1141 3
1142 3
1143 3
1144 3
1145 3
1146 3
1147 3
1148 3
1149 3
1150 3
1151 3
1152 3
1153 3
1154 3
1155 3
1156 3
1157 3
1158 3
1159 3
1160 3
1161 3
1162 3
1163 3
1164 3
1165 3
1166 3
1167 3
1168 3
1169 3
1170 3
1171 4
1172 3
1173 3
1174 3
1175 4
1176 4
1177 4
1178 3
1179 3
1180 3
1181 3
1182 3
1183 4
1184 3
1185 3
1186 4
1187 5
1188 4
1189 3
1190 4
1191 5
1192 3
1193 3
1194 4
1195 4
1196 3
1197 4
1198 3
1199 4
1200 0
1201 0
1202 0
1203 0
1204 0
1205 0
1206 0
1207 0
1208 0
1209 0
1210 0
1211 0
1212 0
1213 0
1214 0
1215 0
1216 0
1217 0
1218 0
1219 0
1220 0
1221 0
1222 0
1223 0
1224 0
1225 0
1226 0
1227 0
1228 0
1229 0
1230 0
1231 0
1232 0
1233 0
1234 0
1235 0
1236 0
1237 0
1238 0
1239 0
1240 0
1241 0
1242 0
1243 0
1244 0
1245 0
1246 0
1247 0
1248 0
1249 0
1250 0
1251 0
1252 0
1253 0
1254 0
1255 0
1256 0
1257 0
1258 0
1259 0
1260 0
1261 0
1262 0
1263 0
1264 0
1265 0
1266 0
1267 0
1268 0
1269 0
1270 0
1271 0
1272 0
1273 0
1274 0
1275 0
1276 0
1277 0
1278 0
1279 0
1280 0
1281 0
1282 0
1283 0
1284 0
1285 0
1286 0
1287 0
1288 0
1289 0
1290 0
1291 0
1292 0
1293 0
1294 0
1295 0
1296 0
1297 0
1298 0
1299 0
1300 0
1301 0
1302 0
1303 0
1304 0
1305 0
1306 0
1307 0
1308 0
1309 0
1310 0
1311 0
1312 0
1313 0
1314 0
1315 0
1316 0
1317 0
1318 0
1319 0
1320 0
1321 0
1322 0
1323 0
1324 0
1325 0
1326 0
1327 0
1328 0
1329 0
1330 0
1331 0
1332 0
1333 0
1334 0
1335 0
1336 0
1337 0
1338 0
1339 0
1340 0
1341 0
1342 0
1343 0
1344 0
1345 0
1346 0
1347 0
1348 0
1349 0
1350 0
1351 0
1352 0
1353 0
1354 0
1355 0
1356 0
1357 0
1358 0
1359 0
1360 0
1361 0
1362 0
1363 0
1364 0
1365 0
1366 0
1367 0
1368 0
1369 0
1370 0
1371 0
1372 0
1373 0
1374 0
1375 0
1376 0
1377 0
1378 0
1379 0
1380 0
1381 0
1382 0
1383 0
1384 0
1385 0
1386 0
1387 0
1388 0
1389 0
1390 0
1391 0
1392 0
1393 0
1394 0
1395 0
1396 0
1397 0
1398 0
1399 0
1400 0
1401 0
1402 0
1403 0
1404 0
1405 0
1406 0
1407 0
1408 0
1409 0
1410 0
1411 0
1412 0
1413 0
1414 0
1415 0
1416 0
1417 0
1418 0
1419 0
1420 0
1421 0
1422 0
1423 0
1424 0
1425 0
1426 0
1427 0
1428 0
1429 0
1430 0
1431 0
1432 0
1433 0
1434 0
1435 0
1436 0
1437 0
1438 0
1439 0
