0.042222222222222223
0.11444444444444445
0.12222222222222222
0.14
0.17222222222222222
0.20777777777777778
0.24666666666666667
0.25666666666666665
0.2722222222222222
0.30444444444444446
0.3466666666666667
0.3566666666666667
0.3688888888888889
0.3844444444444444
0.39666666666666667
0.44
0.4688888888888889
0.48777777777777775
0.5188888888888888
0.5622222222222222
0.5666666666666667
0.5688888888888889
0.5844444444444444
0.65
0.6688888888888889
0.7244444444444444
0.7444444444444445
0.7755555555555556
0.79
0.8444444444444444
0.8544444444444445
0.8755555555555555
0.91
0.9166666666666666
0.9444444444444444
0.9511111111111111
0.9933333333333333
