0.015
0.01611111111111111
0.017222222222222222
0.018333333333333333
0.019444444444444445
0.020555555555555556
0.02277777777777778
0.02666666666666667
0.028333333333333332
0.03111111111111111
0.03222222222222222
0.03333333333333333
0.03777777777777778
0.03888888888888889
0.04555555555555556
0.04722222222222222
0.07111111111111111
0.07444444444444444
0.07833333333333334
0.08777777777777777
0.09888888888888889
0.10111111111111111
0.10333333333333333
0.11
0.12111111111111111
0.12444444444444444
0.1338888888888889
0.14444444444444443
0.15777777777777777
0.17555555555555555
0.18666666666666668
0.19111111111111112
0.19555555555555557
0.2111111111111111
0.21833333333333332
0.22333333333333333
0.23
0.24833333333333332
0.27166666666666667
0.2761111111111111
0.28444444444444444
0.29388888888888887
0.30277777777777776
0.305
0.31555555555555553
0.3427777777777778
0.34555555555555556
0.3522222222222222
0.35333333333333333
0.36777777777777776
0.3894444444444444
0.39944444444444444
0.4172222222222222
0.42444444444444446
0.43222222222222223
0.44277777777777777
0.4527777777777778
0.45611111111111113
0.4711111111111111
0.48388888888888887
0.4911111111111111
0.49944444444444447
0.5211111111111111
0.5572222222222222
0.5611111111111111
0.57
0.5861111111111111
0.6038888888888889
0.6233333333333333
0.6283333333333333
0.6361111111111111
0.6522222222222223
0.6733333333333333
0.6783333333333333
0.6844444444444444
0.6922222222222222
0.6983333333333334
0.72
0.7344444444444445
0.7438888888888889
0.7594444444444445
0.7811111111111111
0.7833333333333333
0.7844444444444445
0.7922222222222223
0.825
0.8344444444444444
0.8622222222222222
0.8722222222222222
0.8877777777777778
0.895
0.9222222222222223
0.9272222222222222
0.9377777777777778
0.955
0.9583333333333334
0.9722222222222222
0.9755555555555555
0.9966666666666667
