0.006666666666666667
0.02
0.058888888888888886
0.08666666666666667
0.09444444444444444
0.10444444444444445
0.13333333333333333
0.13555555555555557
0.16444444444444445
0.1988888888888889
0.23
0.25666666666666665
0.26666666666666666
0.2811111111111111
0.29444444444444445
0.30333333333333334
0.31777777777777777
0.3655555555555556
0.39666666666666667
0.4022222222222222
0.43444444444444447
0.4533333333333333
0.49
0.5088888888888888
0.5288888888888889
0.5377777777777778
0.5544444444444444
0.5577777777777778
0.6155555555555555
0.6377777777777778
0.6544444444444445
0.7
0.7355555555555555
0.76
0.7744444444444445
0.7833333333333333
0.8055555555555556
0.8111111111111111
0.8177777777777778
0.8344444444444444
0.8533333333333334
0.8644444444444445
0.87
0.9333333333333333
