0.03
0.03222222222222222
0.034444444444444444
0.03666666666666667
0.03888888888888889
0.04111111111111111
0.04555555555555556
0.05333333333333334
0.056666666666666664
0.06222222222222222
0.06444444444444444
0.06666666666666667
0.07555555555555556
0.07777777777777778
0.09111111111111111
0.09444444444444444
0.14222222222222222
0.14888888888888888
0.15666666666666668
0.17555555555555555
0.19777777777777777
0.20222222222222222
0.20666666666666667
0.22
0.24222222222222223
0.24888888888888888
0.2677777777777778
0.28888888888888886
0.31555555555555553
0.3511111111111111
0.37333333333333335
0.38222222222222224
0.39111111111111113
0.4222222222222222
0.43666666666666665
0.44666666666666666
0.46
0.49666666666666665
0.5433333333333333
0.5522222222222222
0.5688888888888889
0.5877777777777777
0.6055555555555555
0.61
0.6311111111111111
0.6855555555555556
0.6911111111111111
0.7044444444444444
0.7066666666666667
0.7355555555555555
0.7788888888888889
0.7988888888888889
0.8344444444444444
0.8488888888888889
0.8644444444444445
0.8855555555555555
0.9055555555555556
0.9122222222222223
0.9422222222222222
0.9677777777777777
0.9822222222222222
0.9988888888888889
