0.045
0.04833333333333333
0.051666666666666666
0.055
0.058333333333333334
0.06166666666666667
0.06833333333333333
0.08
0.085
0.09333333333333334
0.09666666666666666
0.1
0.11333333333333333
0.11666666666666667
0.13666666666666666
0.14166666666666666
0.21333333333333335
0.22333333333333333
0.235
0.2633333333333333
0.2966666666666667
0.30333333333333334
0.31
0.33
0.36333333333333334
0.37333333333333335
0.40166666666666667
0.43333333333333335
0.47333333333333333
0.5266666666666666
0.56
0.5733333333333334
0.5866666666666667
0.6333333333333333
0.655
0.67
0.69
0.745
0.815
0.8283333333333334
0.8533333333333334
0.8816666666666667
0.9083333333333333
0.915
0.9466666666666667
