0.0033333333333333335
0.01
0.029444444444444443
0.043333333333333335
0.04722222222222222
0.052222222222222225
0.06666666666666667
0.06777777777777778
0.08222222222222222
0.09944444444444445
0.115
0.12833333333333333
0.13333333333333333
0.14055555555555554
0.14722222222222223
0.15166666666666667
0.15888888888888889
0.1827777777777778
0.19833333333333333
0.2011111111111111
0.21722222222222223
0.22666666666666666
0.245
0.2544444444444444
0.2644444444444444
0.2688888888888889
0.2772222222222222
0.2788888888888889
0.30777777777777776
0.3188888888888889
0.32722222222222225
0.35
0.36777777777777776
0.38
0.38722222222222225
0.39166666666666666
0.4027777777777778
0.40555555555555556
0.4088888888888889
0.4172222222222222
0.4266666666666667
0.43222222222222223
0.435
0.4666666666666667
0.5011111111111111
0.5133333333333333
0.5166666666666667
0.5266666666666666
0.5572222222222222
0.5827777777777777
0.5855555555555556
0.6
0.6061111111111112
0.6266666666666667
0.6416666666666667
0.67
0.6905555555555556
0.7066666666666667
0.7194444444444444
0.7288888888888889
0.74
0.7511111111111111
0.7566666666666667
0.765
0.7705555555555555
0.7794444444444445
0.7977777777777778
0.8411111111111111
0.8455555555555555
0.8511111111111112
0.8544444444444445
0.8683333333333333
0.8866666666666667
0.8961111111111111
0.9055555555555556
0.9277777777777778
0.945
0.9516666666666667
0.9683333333333334
0.9761111111111112
0.9811111111111112
0.9933333333333333
