0.0022222222222222222
0.02666666666666667
0.03333333333333333
0.05333333333333334
0.11444444444444445
0.16555555555555557
0.1711111111111111
0.2
0.21222222222222223
0.25333333333333335
0.2833333333333333
0.34
0.3811111111111111
0.41333333333333333
0.4388888888888889
0.4577777777777778
0.48
0.5022222222222222
0.5133333333333333
0.53
0.5411111111111111
0.5588888888888889
0.5955555555555555
0.6822222222222222
0.6911111111111111
0.7022222222222222
0.7088888888888889
0.7366666666666667
0.7733333333333333
0.7922222222222223
0.8111111111111111
0.8555555555555555
0.89
0.9033333333333333
0.9366666666666666
0.9522222222222222
0.9622222222222222
0.9866666666666667
