0.0075
0.008055555555555555
0.008611111111111111
0.009166666666666667
0.009722222222222222
0.010277777777777778
0.01138888888888889
0.013333333333333334
0.014166666666666666
0.015555555555555555
0.01611111111111111
0.016666666666666666
0.01888888888888889
0.019444444444444445
0.02277777777777778
0.02361111111111111
0.035555555555555556
0.03722222222222222
0.03916666666666667
0.04388888888888889
0.049444444444444444
0.050555555555555555
0.051666666666666666
0.055
0.06055555555555556
0.06222222222222222
0.06694444444444445
0.07222222222222222
0.07888888888888888
0.08777777777777777
0.09333333333333334
0.09555555555555556
0.09777777777777778
0.10555555555555556
0.10916666666666666
0.11166666666666666
0.115
0.12416666666666666
0.13583333333333333
0.13805555555555554
0.14222222222222222
0.14694444444444443
0.15138888888888888
0.1525
0.15777777777777777
0.1713888888888889
0.17277777777777778
0.1761111111111111
0.17666666666666667
0.18388888888888888
0.1947222222222222
0.19972222222222222
0.2086111111111111
0.21222222222222223
0.21611111111111111
0.22138888888888889
0.2263888888888889
0.22805555555555557
0.23555555555555555
0.24194444444444443
0.24555555555555555
0.24972222222222223
0.26055555555555554
0.2786111111111111
0.28055555555555556
0.285
0.29305555555555557
0.30194444444444446
0.31166666666666665
0.31416666666666665
0.31805555555555554
0.32611111111111113
0.33666666666666667
0.33916666666666667
0.3422222222222222
0.3461111111111111
0.3491666666666667
0.36
0.3672222222222222
0.37194444444444447
0.37972222222222224
0.39055555555555554
0.39166666666666666
0.39222222222222225
0.39611111111111114
0.4125
0.4172222222222222
0.4311111111111111
0.4361111111111111
0.4438888888888889
0.4475
0.46111111111111114
0.4636111111111111
0.4688888888888889
0.4775
0.4791666666666667
0.4861111111111111
0.48777777777777775
0.49833333333333335
0.5016666666666667
0.505
0.5147222222222222
0.5216666666666666
0.5236111111111111
0.5261111111111111
0.5333333333333333
0.5338888888888889
0.5411111111111111
0.5497222222222222
0.5575
0.5641666666666667
0.5666666666666667
0.5702777777777778
0.5736111111111111
0.5758333333333333
0.5794444444444444
0.5913888888888889
0.5991666666666666
0.6005555555555555
0.6086111111111111
0.6133333333333333
0.6225
0.6272222222222222
0.6322222222222222
0.6344444444444445
0.6386111111111111
0.6394444444444445
0.6538888888888889
0.6594444444444445
0.6636111111111112
0.675
0.6838888888888889
0.69
0.6936111111111111
0.6958333333333333
0.7013888888888888
0.7027777777777777
0.7044444444444444
0.7086111111111111
0.7133333333333334
0.7161111111111111
0.7175
0.7333333333333333
0.7505555555555555
0.7566666666666667
0.7583333333333333
0.7633333333333333
0.7786111111111111
0.7913888888888889
0.7927777777777778
0.8
0.8030555555555555
0.8133333333333334
0.8208333333333333
0.835
0.8452777777777778
0.8533333333333334
0.8597222222222223
0.8644444444444445
0.87
0.8755555555555555
0.8783333333333333
0.8825
0.8852777777777778
0.8897222222222222
0.8988888888888888
0.9205555555555556
0.9227777777777778
0.9255555555555556
0.9272222222222222
0.9341666666666667
0.9433333333333334
0.9480555555555555
0.9527777777777777
0.9638888888888889
0.9725
0.9758333333333333
0.9841666666666666
0.9880555555555556
0.9905555555555555
0.9966666666666667
